0	-30.0	40.0	88.0	-2.0	9.0	-4.0	-15.0	11.0	98.42
1	-45.0	34.0	-12.0	-2.0	4.0	-7.0	-19.0	10.0	57.15
2	-15.0	7.0	-7.0	8.0	17.0	0.0	-9.0	20.0	82.67
3	42.0	-6.0	32.0	-10.0	-7.0	0.0	12.0	-19.0	78.2
4	8.0	1.0	-11.0	-7.0	28.0	-6.0	16.0	34.0	55.24
5	24.0	-34.0	-8.0	11.0	-4.0	2.0	38.0	-7.0	69.07
6	7.0	-7.0	7.0	1.0	19.0	7.0	-3.0	-22.0	59.6
7	-65.0	40.0	-18.0	25.0	9.0	9.0	-18.0	1.0	72.25
8	-25.0	-50.0	-3.0	-4.0	5.0	6.0	116.0	-46.0	61.0
9	48.0	-33.0	46.0	3.0	8.0	2.0	0.0	32.0	68.86
10	-70.0	-12.0	21.0	-5.0	2.0	27.0	7.0	11.0	70.62
11	-2.0	-64.0	9.0	3.0	6.0	-12.0	-19.0	39.0	52.0
12	-3.0	36.0	20.0	12.0	-1.0	-4.0	-3.0	24.0	59.6
13	10.0	-82.0	3.0	-42.0	-8.0	20.0	2.0	-42.0	63.84
14	-1.0	10.0	-4.0	-4.0	5.0	-4.0	3.0	11.0	54.9
15	-16.0	-1.0	-14.0	15.0	10.0	-3.0	8.0	54.0	52.46
16	32.0	-58.0	-11.0	-24.0	-17.0	-4.0	-12.0	22.0	52.46
17	-73.0	1.0	-11.0	12.0	-26.0	0.0	-17.0	41.0	47.14
18	8.0	-11.0	63.0	11.0	-4.0	4.0	-12.0	-15.0	47.14
19	-3.0	-18.0	-23.0	-66.0	4.0	-6.0	2.0	19.0	42.8
20	2.0	-57.0	-83.0	6.0	1.0	20.0	-15.0	4.0	36.05
21	-20.0	-5.0	13.0	-4.0	-14.0	-12.0	4.0	127.0	31.74
22	59.0	2.0	5.0	9.0	-13.0	7.0	-1.0	-29.0	36.01
23	17.0	1.0	-4.0	13.0	-1.0	0.0	-7.0	-11.0	31.74
24	30.0	-12.0	2.0	14.0	-21.0	-8.0	-26.0	2.0	36.29
25	14.0	-31.0	-13.0	-3.0	-5.0	20.0	-3.0	20.0	39.54
26	13.0	59.0	-43.0	8.0	0.0	-2.0	-4.0	0.0	39.69
27	10.0	-26.0	-10.0	-23.0	41.0	-1.0	-1.0	-55.0	42.26
28	-39.0	-3.0	47.0	-15.0	3.0	24.0	7.0	33.0	42.8
29	-14.0	-22.0	-8.0	-9.0	10.0	-16.0	46.0	4.0	45.8
30	-38.0	13.0	-2.0	-27.0	5.0	13.0	29.0	17.0	45.8
31	-21.0	-9.0	13.0	-9.0	2.0	-17.0	-9.0	-28.0	47.75
32	1.0	-25.0	0.0	-7.0	41.0	4.0	1.0	-117.0	43.88
33	-38.0	-57.0	2.0	24.0	8.0	6.0	-128.0	-27.0	49.66
34	69.0	2.0	-6.0	-18.0	-3.0	2.0	13.0	7.0	48.33
35	-65.0	51.0	19.0	-4.0	2.0	-24.0	7.0	16.0	48.52
36	14.0	-30.0	12.0	10.0	7.0	6.0	42.0	20.0	57.15
37	0.0	-14.0	4.0	-8.0	-8.0	4.0	-10.0	51.0	78.2
38	74.0	99.0	-11.0	25.0	8.0	4.0	-11.0	4.0	65.91
39	-4.0	-3.0	-16.0	-18.0	9.0	-2.0	-23.0	-5.0	80.66
40	12.0	-33.0	-22.0	3.0	8.0	9.0	8.0	3.0	69.07
41	-15.0	-56.0	0.0	-5.0	-7.0	-11.0	-14.0	56.0	88.43
42	-11.0	-53.0	-2.0	12.0	-7.0	-2.0	-32.0	19.0	88.43
43	-101.0	14.0	-34.0	-14.0	-1.0	-2.0	-12.0	113.0	87.24
44	28.0	-78.0	-23.0	-2.0	3.0	25.0	6.0	-24.0	90.87
45	-51.0	-3.0	7.0	-6.0	10.0	-5.0	32.0	-5.0	103.49
46	-21.0	-10.0	49.0	-6.0	5.0	-35.0	-20.0	11.0	97.26
47	11.0	17.0	-29.0	-16.0	12.0	25.0	9.0	2.0	103.56
48	-13.0	-14.0	-10.0	10.0	13.0	-9.0	-1.0	14.0	106.07
49	5.0	16.0	-20.0	6.0	-3.0	-5.0	-60.0	-4.0	108.82
50	35.0	-77.0	2.0	-8.0	-15.0	22.0	5.0	-4.0	108.82
51	-49.0	-30.0	-71.0	14.0	3.0	8.0	-6.0	19.0	106.78
52	-49.0	61.0	47.0	18.0	-8.0	-1.0	-11.0	16.0	94.24
53	-10.0	21.0	-42.0	-28.0	-3.0	-31.0	35.0	43.0	104.45
54	66.0	1.0	68.0	8.0	17.0	62.0	-25.0	-25.0	109.68
55	-56.0	-34.0	-21.0	5.0	21.0	-3.0	12.0	28.0	112.86
56	127.0	-51.0	21.0	-18.0	0.0	-9.0	21.0	25.0	118.73
57	-34.0	-11.0	-71.0	12.0	12.0	5.0	17.0	-12.0	117.23
58	42.0	9.0	52.0	-21.0	5.0	3.0	-26.0	-38.0	114.17
59	-11.0	42.0	0.0	13.0	-14.0	-5.0	2.0	26.0	107.63
60	30.0	-21.0	-58.0	-1.0	-9.0	-9.0	-2.0	-9.0	114.46
61	8.0	35.0	-14.0	19.0	-7.0	36.0	17.0	-27.0	116.13
62	-4.0	-5.0	-2.0	-11.0	-9.0	-9.0	-22.0	49.0	118.73
63	-22.0	-65.0	31.0	-20.0	10.0	6.0	-18.0	18.0	119.84
64	-18.0	16.0	-9.0	-40.0	6.0	-13.0	4.0	-35.0	119.85
65	-10.0	3.0	77.0	-4.0	5.0	3.0	3.0	-19.0	119.63
66	-84.0	-26.0	-53.0	-96.0	2.0	2.0	-2.0	-7.0	119.84
67	-79.0	-8.0	9.0	0.0	15.0	10.0	-26.0	-5.0	120.4
68	-18.0	-30.0	-7.0	-11.0	-7.0	20.0	88.0	11.0	117.82
69	-29.0	30.0	-68.0	-12.0	-1.0	-9.0	10.0	14.0	114.17
70	-10.0	19.0	15.0	-1.0	0.0	9.0	1.0	-13.0	112.86
71	-14.0	38.0	-16.0	-19.0	-3.0	2.0	18.0	30.0	110.24
72	-55.0	5.0	-17.0	-6.0	-2.0	4.0	-14.0	1.0	104.45
73	42.0	-91.0	27.0	39.0	-6.0	-49.0	9.0	40.0	92.91
74	-65.0	-10.0	-5.0	4.0	-10.0	5.0	11.0	-16.0	99.57
75	76.0	26.0	21.0	3.0	8.0	82.0	-7.0	-24.0	107.63
76	6.0	-23.0	-15.0	1.0	1.0	-25.0	18.0	-12.0	99.57
77	-4.0	121.0	19.0	-14.0	-6.0	2.0	87.0	87.0	90.87
78	-34.0	-80.0	-11.0	6.0	-19.0	-8.0	8.0	-11.0	99.24
