0	91.0	-30.0	-5.0	-12.0	-17.0	14.0	-28.0	30.0	68.41
1	30.0	-76.0	9.0	-5.0	-5.0	25.0	50.0	3.0	57.06
2	-123.0	50.0	-32.0	-6.0	15.0	-16.0	24.0	1.0	60.93
3	1.0	-72.0	-19.0	24.0	3.0	-13.0	-16.0	4.0	75.22
4	64.0	127.0	-63.0	6.0	-5.0	9.0	-17.0	-44.0	76.98
5	65.0	-23.0	53.0	-23.0	-19.0	-34.0	0.0	1.0	85.98
6	44.0	32.0	-21.0	-14.0	12.0	11.0	-16.0	31.0	95.55
7	24.0	-128.0	50.0	-51.0	10.0	-3.0	11.0	23.0	98.5
8	127.0	0.0	1.0	21.0	3.0	-20.0	13.0	11.0	95.55
9	-61.0	-22.0	81.0	-47.0	-11.0	57.0	-11.0	17.0	113.88
10	105.0	4.0	34.0	23.0	2.0	20.0	7.0	-43.0	116.53
11	-16.0	34.0	35.0	-8.0	-11.0	-17.0	-1.0	15.0	112.56
12	-64.0	-128.0	-61.0	27.0	10.0	-3.0	-11.0	-6.0	105.12
13	29.0	46.0	-17.0	12.0	5.0	-5.0	-11.0	-1.0	114.41
14	77.0	-17.0	16.0	10.0	-4.0	39.0	-5.0	-16.0	115.48
15	101.0	-9.0	13.0	10.0	-10.0	24.0	6.0	7.0	122.48
16	-26.0	54.0	-63.0	1.0	-6.0	-11.0	-10.0	3.0	118.93
17	77.0	72.0	25.0	44.0	3.0	10.0	-25.0	1.0	121.61
18	-41.0	127.0	-46.0	-49.0	-5.0	4.0	5.0	63.0	110.44
19	60.0	-80.0	47.0	31.0	-1.0	-34.0	-4.0	-14.0	123.18
20	62.0	81.0	-37.0	-52.0	-2.0	22.0	-36.0	10.0	123.18
21	-50.0	-23.0	-9.0	111.0	7.0	11.0	40.0	-13.0	121.61
22	0.0	90.0	76.0	-1.0	3.0	-29.0	-13.0	19.0	122.74
23	-79.0	-89.0	-1.0	8.0	1.0	-10.0	-8.0	7.0	123.18
24	62.0	53.0	2.0	-17.0	-11.0	-12.0	35.0	-2.0	126.19
25	-128.0	-107.0	-6.0	18.0	18.0	-5.0	-22.0	3.0	120.58
26	84.0	-5.0	40.0	40.0	24.0	-6.0	28.0	-2.0	115.48
27	-83.0	127.0	-14.0	-26.0	-3.0	-6.0	3.0	9.0	118.93
28	98.0	-7.0	27.0	6.0	-5.0	39.0	-19.0	-3.0	106.95
29	-11.0	-72.0	16.0	3.0	2.0	10.0	11.0	4.0	102.65
30	50.0	-82.0	-97.0	34.0	-3.0	5.0	13.0	-32.0	99.96
31	87.0	-29.0	48.0	-16.0	7.0	-5.0	-3.0	-18.0	119.36
32	-33.0	-38.0	13.0	12.0	-7.0	-7.0	-43.0	12.0	109.76
33	127.0	3.0	15.0	-47.0	9.0	-8.0	5.0	-8.0	97.42
34	52.0	-66.0	17.0	23.0	-1.0	42.0	-19.0	19.0	84.69
35	-24.0	-26.0	-13.0	6.0	-11.0	5.0	13.0	-41.0	87.97
36	-40.0	88.0	60.0	26.0	11.0	-22.0	-19.0	-5.0	110.44
37	62.0	68.0	-9.0	-13.0	6.0	10.0	-2.0	-13.0	106.95
38	-54.0	-66.0	19.0	3.0	-9.0	19.0	10.0	24.0	108.51
39	127.0	106.0	-20.0	-1.0	1.0	15.0	14.0	91.0	94.13
40	127.0	37.0	-46.0	33.0	-3.0	29.0	-2.0	-1.0	95.18
41	-65.0	39.0	-29.0	-27.0	-9.0	-15.0	-18.0	5.0	105.16
42	-1.0	-1.0	2.0	-16.0	2.0	-36.0	1.0	4.0	89.78
43	-22.0	-23.0	-4.0	-27.0	18.0	7.0	29.0	11.0	87.97
44	-45.0	125.0	-53.0	22.0	-10.0	16.0	3.0	-24.0	95.18
45	-23.0	109.0	94.0	-128.0	-3.0	-9.0	-8.0	0.0	79.44
46	-128.0	-23.0	-3.0	-36.0	7.0	15.0	-17.0	7.0	82.4
47	26.0	29.0	22.0	-10.0	-14.0	10.0	1.0	-12.0	82.4
48	-18.0	62.0	4.0	-32.0	0.0	-7.0	22.0	-1.0	68.41
49	-64.0	-109.0	32.0	-10.0	6.0	-39.0	2.0	5.0	60.93
50	-18.0	127.0	-52.0	-8.0	1.0	-20.0	1.0	32.0	60.47
51	15.0	127.0	12.0	8.0	6.0	4.0	-25.0	6.0	63.95
52	-67.0	-56.0	-24.0	13.0	4.0	-10.0	-17.0	21.0	55.36
53	-79.0	3.0	113.0	23.0	5.0	-9.0	-5.0	-8.0	52.23
54	27.0	-1.0	16.0	-19.0	11.0	-16.0	25.0	-1.0	52.14
55	-23.0	-57.0	-17.0	-12.0	3.0	15.0	30.0	-27.0	51.79
56	-24.0	-15.0	1.0	18.0	12.0	-4.0	19.0	30.0	50.96
57	8.0	50.0	-128.0	-9.0	2.0	26.0	9.0	-31.0	51.68
58	41.0	-128.0	38.0	7.0	-19.0	-16.0	13.0	-14.0	51.79
59	-17.0	-39.0	-61.0	-3.0	-1.0	-4.0	-18.0	2.0	51.78
60	-109.0	-41.0	4.0	48.0	3.0	13.0	-19.0	9.0	50.96
61	63.0	104.0	-55.0	1.0	-28.0	-8.0	25.0	2.0	51.15
62	-57.0	-61.0	34.0	-123.0	4.0	7.0	-3.0	33.0	52.23
63	8.0	-95.0	37.0	-8.0	8.0	3.0	25.0	0.0	51.92
64	96.0	-18.0	-7.0	-3.0	-7.0	-3.0	-2.0	2.0	53.46
65	24.0	9.0	22.0	15.0	-4.0	-2.0	-12.0	10.0	55.88
66	-29.0	-5.0	-4.0	-25.0	-5.0	-18.0	-1.0	2.0	53.46
67	53.0	-36.0	76.0	66.0	-8.0	-22.0	50.0	-11.0	52.57
68	-115.0	61.0	80.0	-69.0	6.0	-20.0	13.0	-5.0	55.56
69	-97.0	-52.0	13.0	6.0	-6.0	-6.0	-21.0	-6.0	70.99
70	-46.0	125.0	7.0	38.0	-3.0	1.0	-38.0	2.0	75.22
71	-13.0	-5.0	1.0	-7.0	-3.0	-24.0	8.0	15.0	73.34
72	-6.0	117.0	-128.0	36.0	-12.0	-7.0	12.0	10.0	66.58
73	92.0	-29.0	9.0	-26.0	18.0	-14.0	-15.0	-12.0	64.14
74	-19.0	12.0	64.0	11.0	1.0	8.0	8.0	2.0	60.47
75	-73.0	-4.0	6.0	25.0	-11.0	10.0	-5.0	31.0	58.61
76	12.0	119.0	-82.0	28.0	17.0	5.0	-10.0	-11.0	58.3
77	-121.0	-123.0	5.0	-14.0	-8.0	-6.0	-15.0	-11.0	57.06
78	25.0	17.0	-13.0	1.0	-12.0	-22.0	7.0	-15.0	62.08
