0	-62.0	-19.0	78.0	38.0	-12.0	-14.0	-21.0	21.0	88.02
1	127.0	73.0	-37.0	9.0	13.0	-12.0	-10.0	13.0	85.37
2	24.0	48.0	-59.0	75.0	-2.0	-22.0	-7.0	-8.0	64.23
3	-44.0	-59.0	-13.0	7.0	1.0	-14.0	-21.0	9.0	63.69
4	-79.0	-31.0	27.0	-122.0	2.0	13.0	-6.0	-33.0	57.18
5	-100.0	-109.0	19.0	-9.0	-1.0	23.0	12.0	-13.0	62.62
6	-17.0	-98.0	-69.0	19.0	-10.0	22.0	-18.0	-7.0	56.21
7	-128.0	-128.0	-128.0	25.0	0.0	15.0	-30.0	0.0	55.88
8	-30.0	85.0	23.0	4.0	7.0	0.0	-5.0	-19.0	55.71
9	86.0	-125.0	86.0	2.0	22.0	4.0	0.0	3.0	56.81
10	4.0	-84.0	36.0	-25.0	-6.0	1.0	12.0	21.0	55.29
11	7.0	31.0	9.0	1.0	-1.0	-6.0	21.0	-7.0	55.44
12	-9.0	-94.0	43.0	-52.0	12.0	0.0	0.0	15.0	54.71
13	-116.0	-46.0	8.0	-4.0	-7.0	28.0	-4.0	23.0	54.98
14	48.0	28.0	-39.0	-47.0	6.0	-16.0	3.0	-21.0	54.98
15	-83.0	-16.0	6.0	-109.0	-3.0	-33.0	-37.0	9.0	55.88
16	-78.0	46.0	-44.0	-98.0	-6.0	1.0	-14.0	-12.0	55.97
17	11.0	127.0	-3.0	-20.0	-4.0	-16.0	25.0	-22.0	57.05
18	97.0	-12.0	-31.0	-12.0	1.0	20.0	16.0	-5.0	64.81
19	51.0	47.0	-47.0	23.0	2.0	-8.0	17.0	10.0	68.56
20	56.0	-87.0	38.0	-27.0	-2.0	6.0	-10.0	23.0	71.6
21	41.0	99.0	-13.0	-9.0	-26.0	-18.0	-11.0	-19.0	58.74
22	-44.0	54.0	-13.0	11.0	-6.0	20.0	15.0	-11.0	61.14
23	-100.0	-88.0	-88.0	27.0	-10.0	-1.0	-12.0	-29.0	57.05
24	-115.0	-58.0	-12.0	94.0	0.0	4.0	-4.0	-1.0	55.97
25	-3.0	-60.0	-67.0	-5.0	-5.0	44.0	-26.0	-13.0	58.15
26	-101.0	-128.0	-16.0	-6.0	-10.0	10.0	22.0	-15.0	58.74
27	112.0	103.0	5.0	56.0	5.0	2.0	-7.0	-1.0	68.56
28	75.0	-12.0	-2.0	-5.0	7.0	-5.0	8.0	-10.0	62.62
29	20.0	110.0	127.0	-19.0	-5.0	-2.0	16.0	-6.0	75.54
30	52.0	73.0	-49.0	9.0	0.0	3.0	84.0	-30.0	64.81
31	48.0	62.0	100.0	-19.0	-3.0	34.0	1.0	1.0	82.37
32	42.0	5.0	1.0	32.0	-17.0	0.0	-8.0	4.0	73.77
33	-31.0	11.0	-23.0	-128.0	-3.0	-36.0	-11.0	0.0	79.27
34	-127.0	127.0	36.0	-13.0	18.0	-41.0	-4.0	7.0	86.06
35	18.0	-16.0	4.0	15.0	11.0	-10.0	12.0	-11.0	72.29
36	-71.0	-66.0	27.0	-34.0	-12.0	15.0	24.0	-6.0	75.54
37	17.0	-34.0	-33.0	-4.0	-2.0	3.0	37.0	-6.0	81.71
38	-10.0	-46.0	-109.0	36.0	-9.0	13.0	2.0	-5.0	79.68
39	66.0	107.0	103.0	41.0	9.0	-6.0	-10.0	-8.0	68.31
40	-76.0	18.0	77.0	56.0	6.0	-4.0	-5.0	-18.0	81.71
41	-4.0	-3.0	-19.0	-17.0	-37.0	-4.0	-1.0	-7.0	90.59
42	-46.0	-82.0	-94.0	4.0	-20.0	-5.0	-5.0	-1.0	93.02
43	66.0	-52.0	-48.0	-1.0	-13.0	26.0	22.0	-5.0	98.7
44	26.0	-51.0	-108.0	-16.0	8.0	5.0	10.0	8.0	107.59
45	40.0	-46.0	-20.0	-51.0	0.0	-19.0	24.0	-11.0	111.99
46	-7.0	127.0	-2.0	-52.0	-11.0	-1.0	-7.0	-17.0	127.0
47	52.0	-31.0	-24.0	-2.0	-9.0	-23.0	-12.0	-19.0	124.83
48	-76.0	-36.0	4.0	-25.0	-10.0	-7.0	-3.0	2.0	129.35
49	16.0	96.0	-44.0	-32.0	6.0	8.0	84.0	0.0	129.72
50	-71.0	10.0	-9.0	-11.0	4.0	0.0	-12.0	13.0	129.72
51	-45.0	-65.0	-128.0	0.0	-37.0	-15.0	-8.0	-14.0	129.64
52	-79.0	1.0	-1.0	67.0	6.0	-4.0	8.0	-1.0	126.69
53	-19.0	41.0	69.0	-8.0	1.0	13.0	-14.0	16.0	123.58
54	-82.0	88.0	96.0	85.0	-2.0	2.0	-19.0	7.0	125.16
55	13.0	6.0	3.0	87.0	21.0	-8.0	-17.0	0.0	123.68
56	1.0	116.0	-29.0	3.0	3.0	-17.0	-12.0	6.0	126.69
57	57.0	54.0	-20.0	-29.0	-14.0	2.0	17.0	1.0	120.11
58	-45.0	107.0	15.0	-24.0	-10.0	1.0	55.0	-19.0	116.72
59	-10.0	54.0	-1.0	7.0	-1.0	-10.0	-16.0	-5.0	123.31
60	127.0	48.0	-23.0	-2.0	11.0	-8.0	-9.0	20.0	118.63
61	-50.0	55.0	-33.0	-7.0	5.0	20.0	16.0	-15.0	118.82
62	116.0	-50.0	-17.0	8.0	-3.0	-21.0	6.0	22.0	118.16
63	86.0	2.0	-6.0	0.0	4.0	15.0	3.0	16.0	110.7
64	-93.0	-18.0	-21.0	-113.0	3.0	-24.0	6.0	11.0	116.72
65	-20.0	-121.0	-62.0	42.0	5.0	-18.0	-5.0	-9.0	107.59
66	123.0	-99.0	-64.0	107.0	-10.0	-17.0	3.0	3.0	111.0
67	14.0	57.0	37.0	-17.0	-1.0	15.0	2.0	2.0	123.31
68	-105.0	-122.0	36.0	-4.0	6.0	13.0	-5.0	-13.0	118.16
69	-20.0	-66.0	-3.0	-128.0	-1.0	7.0	2.0	-3.0	101.93
70	30.0	-28.0	-2.0	1.0	6.0	-15.0	-40.0	-11.0	111.58
71	58.0	-73.0	19.0	-38.0	-3.0	-17.0	-3.0	5.0	91.97
72	28.0	41.0	-16.0	-12.0	-2.0	-15.0	5.0	12.0	90.66
73	33.0	127.0	-20.0	-21.0	5.0	-18.0	-7.0	9.0	106.21
74	-46.0	-98.0	-13.0	-122.0	-13.0	-8.0	-6.0	-13.0	106.21
75	-11.0	-54.0	-35.0	-5.0	-5.0	-10.0	-6.0	-8.0	93.02
76	112.0	-43.0	-94.0	-1.0	-1.0	44.0	0.0	5.0	95.46
77	110.0	42.0	-99.0	33.0	5.0	31.0	-9.0	21.0	89.0
78	59.0	127.0	52.0	109.0	-2.0	0.0	8.0	12.0	85.37
79	30.0	43.0	88.0	98.0	-15.0	-10.0	-5.0	14.0	90.59
