0	-24.0	-42.0	0.0	58.0	-8.0	1.0	-6.0	18.0	133.22
1	-4.0	-24.0	-2.0	-11.0	-4.0	-3.0	5.0	34.0	131.51
2	2.0	10.0	5.0	-15.0	-1.0	9.0	10.0	15.0	129.95
3	-7.0	66.0	22.0	-1.0	-3.0	3.0	3.0	62.0	129.98
4	-11.0	-56.0	-18.0	35.0	-3.0	-3.0	5.0	27.0	129.9
5	-68.0	45.0	-49.0	-13.0	-36.0	-16.0	12.0	-14.0	128.18
6	-7.0	17.0	8.0	9.0	-1.0	-11.0	-7.0	8.0	133.22
7	-4.0	92.0	-12.0	2.0	-2.0	-10.0	-9.0	5.0	123.29
8	16.0	75.0	-2.0	-2.0	14.0	10.0	8.0	15.0	118.64
9	2.0	-78.0	2.0	9.0	-8.0	20.0	-6.0	3.0	123.9
10	-24.0	-93.0	1.0	113.0	10.0	11.0	7.0	-2.0	131.59
11	-12.0	19.0	-79.0	-36.0	70.0	-4.0	9.0	-8.0	131.58
12	-58.0	-15.0	55.0	-33.0	-2.0	0.0	7.0	-16.0	129.98
13	-72.0	63.0	-4.0	22.0	2.0	-1.0	3.0	-53.0	131.05
14	-7.0	17.0	-2.0	-6.0	28.0	5.0	-1.0	-4.0	118.64
15	25.0	14.0	20.0	22.0	-3.0	-3.0	-6.0	-11.0	121.63
16	16.0	-41.0	-9.0	-4.0	-35.0	-5.0	-1.0	-5.0	121.63
17	-65.0	37.0	46.0	-3.0	60.0	2.0	-10.0	11.0	109.62
18	-10.0	29.0	-33.0	-3.0	15.0	19.0	15.0	20.0	125.55
19	58.0	16.0	-21.0	-8.0	0.0	-6.0	15.0	9.0	111.29
20	-28.0	-10.0	-2.0	-7.0	0.0	11.0	-1.0	18.0	104.59
21	-19.0	-20.0	23.0	-6.0	1.0	5.0	-8.0	-3.0	110.41
22	-21.0	37.0	54.0	-1.0	-3.0	-1.0	-1.0	-19.0	101.17
23	-33.0	-27.0	3.0	0.0	-3.0	5.0	-7.0	10.0	86.94
24	-64.0	-101.0	-14.0	9.0	-8.0	-5.0	-1.0	10.0	84.0
25	-6.0	0.0	75.0	7.0	4.0	0.0	5.0	-2.0	93.02
26	-5.0	0.0	-2.0	-8.0	5.0	3.0	-3.0	5.0	82.49
27	1.0	-87.0	18.0	-11.0	7.0	0.0	9.0	0.0	57.56
28	47.0	-45.0	-25.0	110.0	3.0	0.0	6.0	28.0	58.06
29	-20.0	21.0	-7.0	-18.0	-18.0	-4.0	16.0	-14.0	50.34
30	42.0	9.0	18.0	-2.0	11.0	2.0	-27.0	17.0	55.63
31	-3.0	18.0	7.0	2.0	-14.0	6.0	2.0	-9.0	46.84
32	-3.0	-92.0	15.0	12.0	-1.0	3.0	-17.0	16.0	52.03
33	-58.0	-28.0	6.0	56.0	-1.0	-4.0	-3.0	1.0	58.06
34	16.0	44.0	14.0	-15.0	9.0	-2.0	11.0	-9.0	48.07
35	-50.0	-40.0	16.0	-13.0	8.0	14.0	-12.0	34.0	61.96
36	-5.0	-16.0	12.0	-5.0	4.0	-5.0	10.0	17.0	47.38
37	-13.0	22.0	28.0	40.0	7.0	-4.0	13.0	-18.0	61.5
38	9.0	64.0	-19.0	15.0	3.0	8.0	3.0	0.0	51.99
39	-42.0	-11.0	22.0	0.0	-3.0	-10.0	0.0	-19.0	52.13
40	-21.0	-11.0	79.0	37.0	3.0	-8.0	33.0	6.0	51.12
41	-4.0	-41.0	-97.0	2.0	1.0	-6.0	-12.0	59.0	54.13
42	38.0	-79.0	0.0	-3.0	-11.0	-2.0	-5.0	13.0	46.84
43	-19.0	-66.0	8.0	1.0	-2.0	-8.0	5.0	-39.0	45.44
44	-9.0	68.0	51.0	-56.0	30.0	26.0	-3.0	27.0	47.38
45	-23.0	21.0	-11.0	-23.0	4.0	-7.0	-3.0	10.0	50.76
46	18.0	-118.0	6.0	17.0	5.0	27.0	-6.0	-12.0	67.36
47	-1.0	44.0	-11.0	13.0	-27.0	5.0	2.0	-24.0	65.75
48	-8.0	22.0	49.0	-4.0	-5.0	7.0	-2.0	-31.0	49.76
49	54.0	1.0	31.0	-13.0	7.0	-1.0	-2.0	-1.0	49.63
50	1.0	-28.0	72.0	4.0	-7.0	0.0	7.0	-26.0	54.13
51	29.0	67.0	-2.0	24.0	17.0	7.0	1.0	32.0	57.28
52	-18.0	-56.0	3.0	-7.0	-2.0	-2.0	2.0	-16.0	67.36
53	-16.0	8.0	-57.0	1.0	17.0	7.0	0.0	-2.0	76.04
54	-14.0	30.0	7.0	-69.0	23.0	9.0	-2.0	58.0	70.6
55	-32.0	-48.0	41.0	-9.0	7.0	0.0	25.0	20.0	93.02
56	-6.0	-11.0	-2.0	-5.0	-18.0	-10.0	25.0	-12.0	54.14
57	102.0	108.0	44.0	-13.0	-11.0	12.0	-3.0	-37.0	56.13
58	17.0	119.0	42.0	35.0	2.0	-2.0	-2.0	-1.0	76.04
59	-58.0	10.0	8.0	-2.0	7.0	-1.0	1.0	-10.0	57.56
60	-53.0	-15.0	-128.0	12.0	67.0	1.0	24.0	28.0	69.73
61	14.0	3.0	-9.0	-13.0	-7.0	-2.0	9.0	15.0	77.26
62	55.0	54.0	-3.0	5.0	0.0	5.0	9.0	-9.0	89.98
63	1.0	-16.0	-3.0	-3.0	2.0	-19.0	-4.0	-18.0	101.17
64	-70.0	-32.0	20.0	-12.0	-1.0	-4.0	-6.0	3.0	114.5
65	53.0	-21.0	127.0	4.0	1.0	10.0	-12.0	11.0	95.4
66	-45.0	53.0	17.0	13.0	14.0	7.0	-6.0	55.0	97.08
67	72.0	-107.0	-17.0	-67.0	-2.0	-6.0	-1.0	-2.0	95.4
68	-10.0	12.0	-2.0	23.0	-12.0	4.0	-1.0	-10.0	116.29
69	-4.0	-5.0	7.0	44.0	10.0	0.0	-3.0	-3.0	94.12
70	11.0	119.0	-82.0	-7.0	-4.0	6.0	-9.0	0.0	104.92
71	-21.0	-5.0	-5.0	-50.0	-7.0	-7.0	4.0	-10.0	128.18
72	-68.0	22.0	55.0	58.0	17.0	8.0	-12.0	14.0	128.64
73	-4.0	60.0	16.0	13.0	0.0	4.0	-7.0	21.0	124.75
74	34.0	-40.0	-55.0	-8.0	-10.0	-11.0	10.0	-11.0	131.59
75	11.0	-8.0	118.0	-7.0	21.0	0.0	0.0	3.0	138.7
