0	72.0	-87.0	3.0	-4.0	0.0	-1.0	-6.0	16.0	89.98
1	-3.0	-32.0	18.0	9.0	-3.0	-4.0	-8.0	28.0	93.02
2	-7.0	1.0	-18.0	2.0	-11.0	-5.0	-7.0	-16.0	104.59
3	-21.0	18.0	-2.0	13.0	23.0	-3.0	0.0	13.0	114.5
4	-4.0	-11.0	-7.0	-13.0	14.0	0.0	-6.0	20.0	94.12
5	-23.0	-78.0	41.0	-8.0	-7.0	10.0	-1.0	18.0	95.4
6	-19.0	0.0	51.0	24.0	1.0	0.0	15.0	-4.0	95.4
7	1.0	12.0	-17.0	-15.0	7.0	-5.0	-12.0	15.0	77.26
8	-28.0	54.0	22.0	9.0	-14.0	7.0	6.0	28.0	61.96
9	-10.0	3.0	3.0	22.0	9.0	-6.0	3.0	-2.0	57.56
10	11.0	-5.0	7.0	2.0	-1.0	3.0	-3.0	-31.0	82.49
11	-24.0	-56.0	-49.0	22.0	-11.0	5.0	-6.0	-14.0	58.06
12	53.0	0.0	-11.0	13.0	-18.0	8.0	-4.0	-26.0	52.13
13	-68.0	-11.0	-11.0	13.0	-4.0	5.0	2.0	-8.0	54.14
14	29.0	-20.0	8.0	-8.0	3.0	-4.0	0.0	59.0	49.76
15	-24.0	-28.0	49.0	12.0	-3.0	-2.0	2.0	-11.0	54.13
16	16.0	16.0	46.0	-7.0	2.0	4.0	-3.0	11.0	67.36
17	-58.0	75.0	-97.0	-56.0	-3.0	14.0	5.0	15.0	67.36
18	-4.0	64.0	127.0	-1.0	-2.0	12.0	-3.0	-19.0	48.07
19	1.0	-93.0	15.0	12.0	-2.0	9.0	13.0	-53.0	47.38
20	-7.0	14.0	-128.0	-12.0	5.0	5.0	-1.0	27.0	47.38
21	-16.0	-5.0	-2.0	9.0	-8.0	-8.0	24.0	17.0	46.84
22	-19.0	-118.0	-2.0	-2.0	2.0	-7.0	1.0	-9.0	45.44
23	-20.0	-92.0	44.0	37.0	15.0	-1.0	7.0	-18.0	46.84
24	-3.0	19.0	-9.0	0.0	30.0	-7.0	-1.0	10.0	51.99
25	-11.0	45.0	72.0	35.0	5.0	-2.0	9.0	0.0	54.13
26	-21.0	-16.0	20.0	58.0	-2.0	7.0	9.0	0.0	52.03
27	47.0	44.0	-2.0	-23.0	17.0	-4.0	-7.0	-3.0	51.12
28	34.0	-28.0	31.0	-5.0	3.0	9.0	-2.0	8.0	49.63
29	-68.0	119.0	79.0	-5.0	-7.0	-8.0	5.0	34.0	50.76
30	-58.0	37.0	-57.0	-6.0	17.0	6.0	10.0	-10.0	55.63
31	-6.0	22.0	6.0	7.0	21.0	-4.0	-3.0	3.0	56.13
32	25.0	30.0	118.0	-7.0	-2.0	-2.0	7.0	-1.0	58.06
33	-7.0	-45.0	42.0	4.0	1.0	-3.0	-6.0	-2.0	57.56
34	16.0	-10.0	-12.0	-50.0	-35.0	11.0	-1.0	-12.0	69.73
35	-64.0	-11.0	-5.0	1.0	-18.0	-11.0	-12.0	11.0	61.5
36	-32.0	29.0	2.0	56.0	-8.0	8.0	-9.0	-11.0	76.04
37	-53.0	9.0	-2.0	1.0	8.0	-2.0	3.0	-24.0	93.02
38	1.0	66.0	-3.0	-18.0	-2.0	-16.0	-3.0	27.0	57.28
39	-58.0	44.0	54.0	-33.0	11.0	7.0	0.0	21.0	50.34
40	55.0	10.0	5.0	-7.0	4.0	-1.0	-1.0	-2.0	76.04
41	-13.0	-56.0	12.0	15.0	10.0	-4.0	-2.0	9.0	65.75
42	-72.0	68.0	0.0	-9.0	2.0	-5.0	5.0	55.0	70.6
43	-12.0	37.0	1.0	5.0	-12.0	19.0	11.0	14.0	84.0
44	18.0	60.0	-3.0	40.0	-10.0	-2.0	5.0	10.0	86.94
45	11.0	-66.0	-4.0	-8.0	7.0	0.0	7.0	34.0	109.62
46	9.0	-41.0	28.0	-11.0	7.0	0.0	-5.0	15.0	111.29
47	-65.0	-16.0	16.0	-7.0	-4.0	20.0	16.0	58.0	97.08
48	38.0	63.0	17.0	-13.0	4.0	-6.0	9.0	18.0	104.92
49	102.0	10.0	-79.0	-6.0	4.0	-10.0	8.0	-2.0	101.17
50	17.0	-15.0	-2.0	-3.0	0.0	-1.0	-12.0	-5.0	118.64
51	-10.0	-24.0	20.0	110.0	28.0	10.0	-27.0	-19.0	118.64
52	-50.0	53.0	55.0	-69.0	3.0	26.0	-10.0	-18.0	123.9
53	2.0	-41.0	-82.0	-1.0	-27.0	-11.0	-1.0	-37.0	123.29
54	-9.0	22.0	75.0	-2.0	-1.0	5.0	15.0	-9.0	131.05
55	-4.0	-40.0	-25.0	0.0	-1.0	11.0	4.0	3.0	131.59
56	-18.0	-101.0	-21.0	-67.0	7.0	5.0	-6.0	1.0	128.18
57	58.0	108.0	16.0	-13.0	60.0	-10.0	25.0	10.0	124.75
58	-45.0	67.0	22.0	17.0	-5.0	6.0	1.0	-14.0	121.63
59	-42.0	-107.0	-19.0	58.0	0.0	-19.0	-17.0	5.0	128.64
60	14.0	-79.0	18.0	-11.0	-3.0	0.0	10.0	-3.0	129.98
61	2.0	119.0	8.0	-36.0	0.0	7.0	-1.0	32.0	129.95
62	-33.0	8.0	-2.0	-3.0	-36.0	1.0	-9.0	-39.0	129.9
63	-14.0	-15.0	-33.0	-3.0	14.0	3.0	25.0	-10.0	133.22
64	-5.0	17.0	7.0	-3.0	17.0	-6.0	12.0	5.0	129.98
65	54.0	-27.0	-14.0	23.0	-1.0	-3.0	-12.0	-1.0	131.58
66	-1.0	-40.0	8.0	2.0	67.0	-10.0	33.0	62.0	131.59
67	16.0	-21.0	55.0	-13.0	-8.0	0.0	2.0	17.0	138.7
68	42.0	92.0	14.0	113.0	10.0	4.0	3.0	-16.0	131.51
69	-5.0	21.0	0.0	35.0	1.0	0.0	-6.0	-9.0	128.18
70	-8.0	17.0	6.0	-13.0	-1.0	27.0	-3.0	6.0	133.22
71	-70.0	21.0	-55.0	-4.0	-3.0	2.0	-2.0	20.0	125.55
72	-21.0	-48.0	7.0	4.0	7.0	1.0	-7.0	3.0	121.63
73	-4.0	-8.0	-2.0	-15.0	-3.0	2.0	9.0	-10.0	116.29
74	-4.0	-42.0	-9.0	-2.0	-7.0	0.0	-2.0	-12.0	110.41
75	-6.0	22.0	23.0	44.0	70.0	3.0	10.0	0.0	101.17
