0	-18.0	73.0	-31.0	-37.0	-13.0	-7.0	1.0	11.0	119.76
1	-54.0	-14.0	-3.0	-20.0	7.0	-22.0	17.0	-11.0	102.77
2	28.0	-25.0	16.0	-31.0	-17.0	17.0	-8.0	-42.0	89.91
3	-12.0	-26.0	68.0	72.0	-16.0	2.0	9.0	-9.0	110.55
4	-72.0	-72.0	-4.0	-2.0	-7.0	3.0	-5.0	3.0	111.79
5	-39.0	19.0	-15.0	-34.0	7.0	1.0	10.0	9.0	80.07
6	-72.0	-23.0	3.0	10.0	-6.0	-1.0	-12.0	-9.0	82.0
7	15.0	-77.0	-93.0	-3.0	-9.0	25.0	11.0	-17.0	79.42
8	9.0	18.0	-16.0	30.0	-6.0	1.0	-11.0	-22.0	80.87
9	67.0	-24.0	44.0	-6.0	-9.0	-12.0	-3.0	-7.0	90.1
10	-19.0	-33.0	52.0	86.0	0.0	-24.0	4.0	4.0	88.01
11	-47.0	27.0	-5.0	-14.0	12.0	11.0	0.0	0.0	108.18
12	118.0	46.0	-51.0	-15.0	-4.0	-20.0	-14.0	-7.0	89.91
13	-40.0	-2.0	-4.0	28.0	-19.0	-8.0	9.0	10.0	80.87
14	13.0	26.0	18.0	28.0	16.0	-18.0	-1.0	-26.0	71.21
15	82.0	-22.0	-10.0	-5.0	-9.0	-14.0	68.0	-10.0	73.26
16	-13.0	20.0	28.0	-8.0	6.0	21.0	-34.0	9.0	70.14
17	-2.0	-6.0	-67.0	36.0	-6.0	-12.0	-1.0	1.0	64.04
18	-19.0	-35.0	38.0	5.0	-2.0	4.0	-17.0	9.0	58.96
19	-24.0	-8.0	3.0	-20.0	18.0	-19.0	16.0	-5.0	52.43
20	43.0	38.0	-7.0	1.0	-7.0	6.0	9.0	39.0	54.14
21	-45.0	-40.0	49.0	-13.0	7.0	-3.0	2.0	2.0	50.94
22	1.0	-3.0	2.0	-29.0	4.0	3.0	5.0	-18.0	51.81
23	34.0	-15.0	-25.0	-7.0	5.0	7.0	-4.0	11.0	50.94
24	125.0	-62.0	6.0	93.0	-1.0	-11.0	0.0	-37.0	46.33
25	-18.0	-12.0	1.0	42.0	-5.0	-22.0	2.0	-10.0	46.7
26	-54.0	56.0	14.0	-15.0	6.0	0.0	6.0	-4.0	46.71
27	-16.0	-39.0	25.0	-26.0	10.0	-10.0	-16.0	-9.0	46.7
28	-98.0	-4.0	-32.0	7.0	-6.0	-2.0	-10.0	-33.0	46.92
29	49.0	30.0	2.0	-2.0	7.0	1.0	-9.0	-7.0	50.54
30	-10.0	-51.0	18.0	25.0	-7.0	-22.0	-6.0	5.0	51.81
31	-1.0	63.0	22.0	0.0	1.0	20.0	105.0	19.0	52.36
32	-10.0	74.0	-28.0	-24.0	11.0	-2.0	1.0	18.0	58.93
33	25.0	32.0	-10.0	-27.0	23.0	-13.0	3.0	31.0	47.96
34	-18.0	14.0	-74.0	-13.0	0.0	1.0	21.0	-7.0	47.01
35	52.0	-43.0	-16.0	0.0	-11.0	3.0	5.0	-11.0	47.01
36	40.0	-45.0	63.0	49.0	4.0	-11.0	1.0	18.0	51.81
37	-61.0	21.0	107.0	-20.0	-18.0	3.0	-6.0	-20.0	49.13
38	18.0	-24.0	-31.0	-62.0	15.0	-18.0	5.0	-25.0	46.92
39	-68.0	15.0	-37.0	-14.0	3.0	18.0	11.0	-12.0	46.26
40	2.0	-15.0	26.0	35.0	11.0	9.0	-19.0	-1.0	49.95
41	-48.0	40.0	3.0	-17.0	-15.0	1.0	-3.0	4.0	47.68
42	-1.0	11.0	-7.0	124.0	-9.0	-7.0	25.0	-19.0	47.88
43	-58.0	99.0	-19.0	-9.0	25.0	-9.0	9.0	5.0	49.25
44	-39.0	67.0	-3.0	110.0	0.0	29.0	5.0	3.0	54.14
45	1.0	8.0	45.0	-5.0	6.0	-9.0	7.0	-14.0	55.6
46	-18.0	-1.0	-1.0	-108.0	-1.0	3.0	-2.0	-2.0	62.12
47	78.0	-71.0	-61.0	5.0	-2.0	1.0	13.0	-17.0	64.04
48	17.0	-63.0	-61.0	-11.0	-7.0	17.0	25.0	-10.0	75.32
49	11.0	-51.0	-40.0	2.0	-9.0	-11.0	-20.0	15.0	66.44
50	-21.0	-5.0	-34.0	-5.0	0.0	32.0	-17.0	-24.0	66.44
51	17.0	61.0	33.0	5.0	20.0	-4.0	6.0	17.0	102.77
52	29.0	1.0	-11.0	-7.0	-11.0	-18.0	-7.0	12.0	99.39
53	40.0	26.0	11.0	-15.0	17.0	-14.0	-9.0	19.0	126.64
54	28.0	-87.0	-63.0	-109.0	-9.0	8.0	-16.0	23.0	118.84
55	50.0	63.0	-6.0	11.0	10.0	15.0	-16.0	39.0	130.12
56	82.0	27.0	-15.0	16.0	8.0	5.0	-11.0	7.0	130.43
57	19.0	-7.0	-4.0	17.0	10.0	-2.0	-2.0	0.0	130.12
58	6.0	45.0	0.0	-99.0	-11.0	-5.0	-13.0	3.0	125.09
59	39.0	29.0	120.0	-89.0	-4.0	1.0	15.0	33.0	135.64
60	-62.0	18.0	83.0	-16.0	-22.0	9.0	-18.0	-1.0	134.99
61	-20.0	10.0	2.0	-20.0	10.0	-1.0	1.0	-9.0	126.64
62	-22.0	-54.0	25.0	-4.0	5.0	2.0	-14.0	9.0	130.76
63	-3.0	-3.0	-16.0	-10.0	3.0	-8.0	-16.0	0.0	116.24
64	-1.0	-23.0	-22.0	-27.0	-6.0	-2.0	2.0	19.0	133.1
65	-77.0	-24.0	0.0	29.0	-7.0	1.0	-7.0	-19.0	135.64
66	-5.0	-7.0	1.0	15.0	26.0	-14.0	15.0	16.0	130.43
67	32.0	60.0	26.0	-29.0	-9.0	-4.0	6.0	-6.0	123.89
68	-1.0	-66.0	42.0	-34.0	1.0	9.0	1.0	-6.0	122.57
69	-8.0	-99.0	-49.0	-10.0	-10.0	-12.0	-22.0	-14.0	123.98
70	16.0	7.0	-32.0	-24.0	-8.0	4.0	-5.0	23.0	131.86
71	-15.0	-58.0	-31.0	72.0	-11.0	-4.0	5.0	-21.0	128.34
72	-43.0	-14.0	17.0	-3.0	-5.0	11.0	-12.0	-13.0	118.84
73	32.0	60.0	-6.0	0.0	-2.0	15.0	-36.0	-16.0	126.5
74	6.0	-14.0	54.0	20.0	-6.0	-1.0	20.0	45.0	113.55
75	-17.0	62.0	10.0	-54.0	4.0	-6.0	-4.0	-9.0	127.98
