0	99.0	127.0	-8.0	-64.0	1.0	-14.0	-18.0	72.0	57.0
1	-128.0	-68.0	-6.0	-15.0	-6.0	19.0	12.0	23.0	42.42
2	106.0	6.0	-11.0	-66.0	-20.0	7.0	6.0	-23.0	37.72
3	-128.0	36.0	-83.0	83.0	3.0	-1.0	1.0	-30.0	39.13
4	25.0	6.0	37.0	-14.0	-10.0	10.0	-9.0	49.0	47.87
5	-20.0	46.0	-42.0	25.0	-10.0	2.0	-8.0	-18.0	62.62
6	57.0	63.0	38.0	-30.0	-8.0	-3.0	-9.0	20.0	57.0
7	74.0	74.0	87.0	4.0	3.0	-1.0	2.0	-65.0	62.62
8	-9.0	37.0	-2.0	41.0	28.0	29.0	-16.0	3.0	64.82
9	-74.0	18.0	-27.0	-57.0	-5.0	13.0	37.0	81.0	46.12
10	-5.0	12.0	8.0	127.0	5.0	8.0	-4.0	75.0	54.06
11	28.0	-103.0	-50.0	-72.0	28.0	5.0	-3.0	-41.0	47.87
12	93.0	58.0	1.0	104.0	18.0	-17.0	4.0	-5.0	68.13
13	-85.0	-92.0	-128.0	0.0	-11.0	-12.0	23.0	3.0	76.37
14	88.0	-94.0	-5.0	9.0	-22.0	-28.0	26.0	41.0	76.98
15	-113.0	72.0	76.0	35.0	13.0	22.0	-10.0	20.0	72.82
16	-13.0	58.0	125.0	21.0	7.0	-17.0	-23.0	-45.0	70.63
17	88.0	30.0	-18.0	8.0	-2.0	5.0	-10.0	-2.0	79.13
18	-93.0	91.0	41.0	16.0	1.0	-11.0	-16.0	-23.0	79.13
19	69.0	-102.0	-29.0	10.0	-8.0	9.0	5.0	-23.0	83.01
20	-26.0	41.0	5.0	-18.0	10.0	-12.0	8.0	38.0	72.78
21	63.0	-9.0	-1.0	5.0	-23.0	-12.0	-26.0	22.0	80.78
22	48.0	55.0	-37.0	-36.0	-3.0	-5.0	1.0	7.0	88.75
23	10.0	-128.0	-68.0	-16.0	15.0	12.0	-10.0	17.0	109.66
24	-14.0	-84.0	11.0	-4.0	-10.0	16.0	-7.0	-51.0	124.41
25	-128.0	6.0	45.0	0.0	4.0	-3.0	-8.0	-1.0	124.34
26	-5.0	-29.0	46.0	43.0	-12.0	-7.0	-16.0	-5.0	121.0
27	111.0	127.0	32.0	-30.0	32.0	17.0	2.0	37.0	120.16
28	115.0	-54.0	-50.0	-17.0	-13.0	-1.0	-1.0	-15.0	114.53
29	-128.0	-112.0	-19.0	31.0	-5.0	-21.0	2.0	-33.0	120.16
30	-1.0	-39.0	-27.0	11.0	-8.0	1.0	2.0	-11.0	112.81
31	-87.0	103.0	66.0	28.0	-10.0	4.0	-1.0	18.0	88.75
32	49.0	32.0	-2.0	37.0	7.0	-2.0	37.0	2.0	94.18
33	48.0	6.0	59.0	8.0	3.0	-3.0	-12.0	21.0	99.83
34	4.0	1.0	10.0	-22.0	-1.0	10.0	-8.0	0.0	114.01
35	-8.0	-34.0	61.0	-70.0	30.0	0.0	-3.0	-6.0	107.11
36	-37.0	33.0	-114.0	-36.0	-9.0	-16.0	12.0	-3.0	117.22
37	-56.0	-58.0	102.0	7.0	0.0	26.0	4.0	37.0	117.22
38	26.0	26.0	10.0	14.0	-28.0	2.0	24.0	23.0	121.98
39	109.0	-85.0	-65.0	17.0	-3.0	13.0	5.0	-37.0	119.39
40	49.0	-14.0	-11.0	14.0	16.0	5.0	-20.0	1.0	112.68
41	68.0	41.0	-24.0	17.0	30.0	-2.0	17.0	-37.0	99.83
42	66.0	-9.0	37.0	0.0	4.0	-7.0	-15.0	88.0	114.01
43	-58.0	25.0	-69.0	5.0	16.0	4.0	40.0	42.0	119.53
44	43.0	60.0	-29.0	0.0	-1.0	1.0	-4.0	15.0	124.41
45	28.0	-27.0	-84.0	-39.0	22.0	16.0	7.0	25.0	118.55
46	-107.0	-27.0	73.0	-5.0	1.0	27.0	-5.0	-48.0	103.92
47	15.0	107.0	-77.0	17.0	-2.0	-2.0	-4.0	21.0	112.81
48	95.0	-47.0	120.0	-9.0	3.0	13.0	5.0	27.0	121.0
49	62.0	-92.0	-1.0	36.0	-3.0	-24.0	-17.0	-22.0	120.32
50	127.0	32.0	-5.0	-28.0	-25.0	18.0	-6.0	6.0	120.3
51	-45.0	-11.0	-17.0	20.0	-15.0	-7.0	16.0	11.0	115.88
52	-40.0	-44.0	16.0	-22.0	0.0	-4.0	-6.0	-3.0	119.53
53	-68.0	86.0	-39.0	-65.0	10.0	5.0	16.0	7.0	117.35
54	49.0	58.0	9.0	30.0	5.0	9.0	8.0	15.0	110.83
55	118.0	72.0	27.0	1.0	7.0	22.0	2.0	-31.0	109.66
56	3.0	-51.0	-39.0	-15.0	12.0	-4.0	-1.0	-27.0	97.61
57	-38.0	27.0	-40.0	31.0	9.0	22.0	-27.0	-23.0	87.61
58	-31.0	11.0	-29.0	-1.0	2.0	-1.0	6.0	32.0	84.25
59	23.0	21.0	36.0	9.0	-23.0	-6.0	-11.0	-33.0	92.59
60	12.0	-76.0	-5.0	37.0	15.0	27.0	0.0	-12.0	87.61
61	38.0	123.0	10.0	-1.0	15.0	-3.0	-10.0	-9.0	80.78
62	-85.0	-29.0	-16.0	24.0	20.0	3.0	17.0	47.0	70.63
63	-17.0	-55.0	-2.0	-20.0	20.0	-9.0	-11.0	9.0	68.85
64	45.0	-34.0	-46.0	22.0	3.0	-1.0	-28.0	2.0	64.82
65	-21.0	-105.0	-49.0	-24.0	18.0	0.0	2.0	7.0	55.25
66	-128.0	112.0	42.0	-47.0	-15.0	1.0	0.0	24.0	56.31
67	18.0	80.0	13.0	-55.0	19.0	9.0	19.0	-42.0	58.18
68	67.0	-6.0	38.0	8.0	-11.0	-7.0	21.0	-20.0	47.82
69	-4.0	127.0	-42.0	-10.0	-1.0	14.0	0.0	30.0	49.31
70	-16.0	-120.0	27.0	-17.0	21.0	-22.0	7.0	-6.0	42.79
71	5.0	-46.0	-46.0	-36.0	-1.0	10.0	-4.0	10.0	42.42
72	-20.0	111.0	-32.0	19.0	-2.0	34.0	-7.0	-45.0	65.94
73	-32.0	-21.0	-94.0	2.0	-18.0	2.0	-15.0	13.0	61.11
74	-95.0	-128.0	6.0	-13.0	7.0	-12.0	7.0	-2.0	55.25
75	-16.0	22.0	108.0	-15.0	15.0	4.0	-8.0	34.0	37.72
76	48.0	93.0	11.0	-33.0	10.0	3.0	24.0	3.0	51.73
77	96.0	-46.0	-13.0	54.0	-13.0	5.0	-11.0	-5.0	54.33
78	-1.0	-98.0	-24.0	-43.0	42.0	-6.0	-16.0	15.0	65.94
79	86.0	-72.0	92.0	5.0	6.0	8.0	1.0	7.0	65.17
80	-120.0	1.0	-38.0	-31.0	-3.0	-3.0	14.0	16.0	38.54
81	-69.0	-35.0	18.0	38.0	11.0	9.0	-2.0	-55.0	39.98
