0	-76.0	-74.0	-67.0	-21.0	-1.0	2.0	1.0	-1.0	102.08
1	13.0	46.0	-11.0	1.0	4.0	9.0	-15.0	-8.0	102.45
2	-66.0	-73.0	68.0	-20.0	-8.0	-19.0	-41.0	-4.0	95.93
3	-128.0	101.0	-7.0	-10.0	14.0	44.0	69.0	-9.0	88.98
4	-9.0	-105.0	-35.0	-35.0	6.0	-7.0	-42.0	1.0	88.98
5	-76.0	-42.0	67.0	9.0	9.0	4.0	-10.0	-38.0	79.08
6	-89.0	116.0	17.0	68.0	-16.0	3.0	17.0	-35.0	84.24
7	89.0	83.0	-111.0	-8.0	1.0	-14.0	17.0	-1.0	72.96
8	64.0	28.0	-57.0	-6.0	4.0	-3.0	-13.0	-6.0	57.2
9	-76.0	-111.0	1.0	5.0	11.0	12.0	0.0	2.0	56.83
10	19.0	28.0	96.0	-90.0	-2.0	4.0	0.0	-33.0	57.2
11	-48.0	13.0	65.0	-18.0	8.0	-12.0	10.0	-43.0	58.22
12	70.0	-92.0	-28.0	3.0	-23.0	0.0	64.0	-19.0	45.09
13	-9.0	-114.0	-28.0	-13.0	9.0	20.0	8.0	33.0	50.73
14	-76.0	41.0	29.0	15.0	-30.0	-20.0	-39.0	-128.0	40.25
15	98.0	38.0	-2.0	7.0	-4.0	30.0	17.0	68.0	42.88
16	73.0	61.0	-94.0	11.0	5.0	-1.0	-24.0	-33.0	42.23
17	127.0	-41.0	-29.0	4.0	-1.0	10.0	28.0	-4.0	37.0
18	-128.0	-128.0	31.0	24.0	0.0	5.0	14.0	77.0	32.61
19	-51.0	-4.0	-8.0	-8.0	-6.0	-17.0	7.0	-70.0	36.28
20	-8.0	64.0	-10.0	69.0	17.0	-75.0	5.0	-2.0	25.64
21	-6.0	-111.0	7.0	-20.0	-9.0	35.0	5.0	24.0	25.73
22	-46.0	46.0	-30.0	4.0	-6.0	-17.0	9.0	61.0	22.47
23	-20.0	-15.0	48.0	-20.0	9.0	0.0	-5.0	8.0	20.0
24	-17.0	-68.0	-128.0	17.0	-20.0	-13.0	24.0	12.0	23.5
25	-49.0	46.0	-59.0	-6.0	35.0	11.0	14.0	-66.0	22.47
26	18.0	1.0	26.0	-12.0	-9.0	-9.0	13.0	15.0	33.39
27	-128.0	26.0	-24.0	-14.0	-20.0	9.0	7.0	-78.0	33.39
28	28.0	10.0	9.0	-13.0	5.0	3.0	1.0	-29.0	25.19
29	-10.0	-120.0	33.0	-21.0	2.0	26.0	-88.0	-37.0	25.73
30	-26.0	38.0	-94.0	108.0	-10.0	-14.0	6.0	13.0	40.25
31	54.0	62.0	-12.0	0.0	-8.0	-2.0	-5.0	-17.0	42.88
32	-60.0	-128.0	58.0	-88.0	-29.0	10.0	74.0	-70.0	36.28
33	115.0	-102.0	53.0	-111.0	1.0	16.0	-5.0	-7.0	41.02
34	-128.0	127.0	38.0	-23.0	-1.0	-4.0	-36.0	-13.0	48.56
35	127.0	-35.0	65.0	-21.0	18.0	-19.0	-65.0	9.0	37.87
36	-9.0	-24.0	-128.0	-2.0	-3.0	-13.0	-2.0	-37.0	57.33
37	34.0	-128.0	-9.0	95.0	-2.0	11.0	-4.0	13.0	63.81
38	64.0	81.0	110.0	3.0	-8.0	10.0	-18.0	-30.0	56.88
39	-107.0	32.0	8.0	40.0	8.0	-6.0	37.0	9.0	48.56
40	-123.0	-21.0	-2.0	-48.0	-6.0	-3.0	26.0	-15.0	72.78
41	127.0	91.0	13.0	-13.0	-9.0	13.0	65.0	27.0	66.07
42	-66.0	-1.0	16.0	-2.0	0.0	24.0	33.0	4.0	63.81
43	13.0	59.0	-113.0	23.0	7.0	5.0	-17.0	-96.0	72.96
44	8.0	67.0	8.0	16.0	9.0	-35.0	23.0	11.0	62.94
45	45.0	-94.0	44.0	-15.0	-26.0	-1.0	18.0	20.0	58.22
46	115.0	17.0	-38.0	21.0	-41.0	7.0	-12.0	-18.0	65.64
47	122.0	-50.0	17.0	-7.0	12.0	21.0	16.0	-17.0	68.45
48	-85.0	127.0	-29.0	2.0	3.0	-20.0	-50.0	-70.0	75.29
49	16.0	-128.0	16.0	-112.0	13.0	16.0	-15.0	42.0	75.29
50	39.0	-64.0	30.0	-27.0	-1.0	-8.0	39.0	26.0	84.4
51	-128.0	-79.0	-51.0	62.0	3.0	-1.0	16.0	-126.0	76.57
52	-128.0	50.0	-25.0	42.0	-3.0	13.0	-3.0	116.0	84.4
53	91.0	67.0	-44.0	16.0	-4.0	23.0	-15.0	51.0	89.97
54	97.0	-35.0	27.0	-33.0	0.0	10.0	-13.0	-70.0	91.93
55	-15.0	50.0	1.0	12.0	20.0	9.0	34.0	54.0	124.89
56	-40.0	4.0	-15.0	-2.0	-14.0	-11.0	-3.0	-112.0	125.57
57	-90.0	-128.0	30.0	-28.0	-14.0	-3.0	2.0	26.0	104.73
58	37.0	56.0	-40.0	-16.0	3.0	18.0	-57.0	-47.0	124.46
59	50.0	22.0	-14.0	0.0	13.0	-17.0	3.0	33.0	116.42
60	117.0	56.0	122.0	88.0	-14.0	-20.0	-3.0	-30.0	117.99
61	-81.0	-42.0	-9.0	33.0	-18.0	0.0	5.0	-17.0	118.08
62	87.0	89.0	47.0	10.0	-8.0	5.0	69.0	39.0	119.77
63	-128.0	61.0	-3.0	-70.0	-12.0	3.0	-13.0	11.0	102.45
64	56.0	81.0	-62.0	-3.0	-1.0	-8.0	68.0	6.0	112.79
65	-8.0	61.0	-75.0	127.0	9.0	-22.0	0.0	17.0	111.75
66	-93.0	-128.0	-16.0	-104.0	-20.0	1.0	-23.0	8.0	91.93
67	37.0	-113.0	11.0	-128.0	1.0	2.0	-19.0	1.0	96.94
68	-41.0	-42.0	10.0	60.0	3.0	3.0	1.0	-34.0	99.05
69	-128.0	-44.0	-69.0	108.0	4.0	-3.0	1.0	-20.0	110.95
70	-4.0	67.0	-12.0	18.0	-6.0	-2.0	-3.0	21.0	118.08
71	81.0	-55.0	100.0	-23.0	12.0	9.0	6.0	127.0	102.92
72	84.0	-102.0	51.0	-61.0	-27.0	12.0	88.0	-56.0	121.71
73	-96.0	6.0	-113.0	32.0	18.0	2.0	35.0	22.0	112.79
74	-42.0	-63.0	-8.0	11.0	1.0	-14.0	17.0	-43.0	116.65
75	89.0	-65.0	-75.0	-90.0	-9.0	-13.0	-22.0	-25.0	124.3
76	-65.0	-118.0	70.0	-1.0	-5.0	-11.0	11.0	19.0	125.57
77	74.0	-118.0	-128.0	-5.0	18.0	16.0	-20.0	5.0	107.32
78	-18.0	46.0	-10.0	18.0	-17.0	-10.0	6.0	54.0	116.65
79	127.0	-120.0	110.0	-9.0	3.0	-7.0	2.0	-56.0	123.3
80	-128.0	89.0	37.0	31.0	3.0	23.0	-37.0	62.0	119.77
81	104.0	-128.0	-58.0	-3.0	-11.0	-44.0	-11.0	-71.0	124.3
82	127.0	-116.0	-113.0	-52.0	8.0	-2.0	13.0	-16.0	102.92
