0	116.0	88.0	-22.0	1.0	35.0	-16.0	54.0	-12.0	42.05
1	-57.0	127.0	-4.0	3.0	-7.0	24.0	-22.0	-8.0	51.56
2	-71.0	69.0	-27.0	4.0	10.0	11.0	-8.0	-29.0	50.1
3	-29.0	48.0	-128.0	-86.0	-9.0	7.0	22.0	13.0	40.59
4	-128.0	2.0	3.0	-36.0	7.0	-25.0	-33.0	26.0	46.16
5	53.0	-53.0	13.0	1.0	1.0	7.0	-4.0	45.0	62.72
6	54.0	-14.0	104.0	-1.0	6.0	-3.0	30.0	29.0	53.65
7	73.0	33.0	-30.0	59.0	-40.0	27.0	-31.0	3.0	53.65
8	-10.0	-100.0	24.0	-40.0	-7.0	14.0	93.0	-19.0	62.49
9	127.0	-45.0	1.0	11.0	16.0	-20.0	109.0	-33.0	75.62
10	-122.0	-46.0	16.0	-8.0	5.0	18.0	-33.0	-32.0	78.49
11	51.0	65.0	-45.0	14.0	0.0	35.0	46.0	7.0	64.66
12	-49.0	77.0	19.0	19.0	-23.0	5.0	28.0	20.0	68.13
13	127.0	-69.0	-36.0	12.0	-8.0	-18.0	-35.0	-57.0	77.63
14	100.0	40.0	-3.0	-42.0	-7.0	14.0	21.0	-19.0	82.82
15	24.0	-21.0	-112.0	77.0	0.0	-2.0	-18.0	18.0	79.98
16	-31.0	-31.0	13.0	107.0	-34.0	-10.0	22.0	-35.0	87.51
17	-128.0	41.0	37.0	83.0	4.0	-1.0	58.0	-21.0	98.91
18	45.0	59.0	-125.0	-94.0	2.0	-22.0	-90.0	-18.0	90.17
19	-29.0	26.0	-7.0	45.0	-9.0	74.0	14.0	-5.0	82.82
20	124.0	-2.0	-22.0	-33.0	11.0	5.0	62.0	23.0	85.34
21	-30.0	-61.0	113.0	-79.0	-8.0	-15.0	-1.0	-15.0	87.51
22	114.0	74.0	-31.0	-48.0	-11.0	-16.0	24.0	3.0	100.75
23	-73.0	47.0	37.0	-9.0	-13.0	60.0	-40.0	20.0	103.47
24	71.0	-22.0	34.0	-81.0	7.0	32.0	22.0	20.0	120.0
25	-91.0	-76.0	-4.0	-12.0	-9.0	20.0	-93.0	41.0	118.18
26	87.0	41.0	53.0	-65.0	24.0	-26.0	19.0	-14.0	120.77
27	53.0	-118.0	-7.0	82.0	3.0	10.0	-16.0	55.0	120.0
28	59.0	-35.0	-119.0	43.0	9.0	13.0	-31.0	19.0	116.31
29	-2.0	-29.0	54.0	-15.0	23.0	-8.0	99.0	3.0	122.05
30	-128.0	-44.0	-8.0	6.0	14.0	-16.0	-13.0	-5.0	122.87
31	32.0	122.0	65.0	1.0	-6.0	-41.0	33.0	-32.0	122.87
32	74.0	-34.0	-48.0	21.0	-5.0	10.0	-53.0	-16.0	123.48
33	-7.0	-128.0	-19.0	-12.0	19.0	-22.0	-10.0	-57.0	123.48
34	-128.0	-14.0	70.0	-32.0	14.0	65.0	3.0	17.0	123.44
35	-103.0	95.0	9.0	3.0	1.0	-26.0	13.0	0.0	123.15
36	-41.0	-110.0	-123.0	-55.0	-16.0	-12.0	-14.0	25.0	109.93
37	64.0	94.0	95.0	-46.0	-6.0	-22.0	4.0	2.0	114.23
38	-67.0	-17.0	-29.0	13.0	-17.0	43.0	-128.0	-2.0	104.17
39	127.0	-128.0	113.0	-21.0	-12.0	-9.0	14.0	-38.0	104.17
40	7.0	101.0	-42.0	17.0	-4.0	-1.0	-12.0	39.0	91.82
41	-46.0	24.0	-4.0	-48.0	17.0	-2.0	-69.0	4.0	103.03
42	-52.0	118.0	1.0	30.0	22.0	13.0	22.0	40.0	102.05
43	21.0	-122.0	127.0	11.0	-7.0	-11.0	6.0	-19.0	94.36
44	-104.0	-78.0	17.0	-34.0	-4.0	18.0	9.0	-44.0	100.75
45	-128.0	105.0	-67.0	-10.0	-15.0	8.0	15.0	6.0	90.17
46	-30.0	-24.0	-54.0	14.0	-5.0	-12.0	11.0	9.0	85.26
47	83.0	11.0	23.0	-69.0	3.0	-4.0	-30.0	26.0	92.54
48	-26.0	-54.0	-3.0	104.0	-21.0	-29.0	20.0	-15.0	98.91
49	-40.0	71.0	-78.0	7.0	-11.0	19.0	38.0	-9.0	62.72
50	-1.0	-60.0	-66.0	-54.0	-25.0	12.0	13.0	-2.0	58.89
51	-65.0	-79.0	5.0	-8.0	34.0	5.0	-27.0	8.0	77.63
52	104.0	116.0	4.0	-14.0	-6.0	27.0	-23.0	12.0	68.45
53	-122.0	-37.0	-91.0	10.0	28.0	7.0	2.0	-80.0	79.98
54	78.0	11.0	-40.0	-11.0	7.0	9.0	-30.0	-7.0	71.11
55	108.0	-16.0	57.0	-2.0	26.0	-2.0	3.0	-5.0	81.34
56	127.0	-104.0	18.0	-21.0	18.0	-5.0	14.0	42.0	68.45
57	-45.0	29.0	6.0	28.0	-18.0	13.0	-68.0	-39.0	65.76
58	63.0	-16.0	-52.0	-24.0	-11.0	18.0	31.0	12.0	58.65
59	-52.0	127.0	76.0	-17.0	8.0	-20.0	-18.0	2.0	58.89
60	-49.0	-128.0	-58.0	10.0	20.0	46.0	-3.0	-63.0	50.49
61	126.0	-31.0	-13.0	46.0	-6.0	-18.0	-3.0	-18.0	51.22
62	93.0	22.0	-87.0	-27.0	-35.0	-28.0	72.0	10.0	50.49
63	1.0	-114.0	-73.0	12.0	-37.0	-9.0	65.0	11.0	68.13
64	-102.0	44.0	-24.0	-6.0	48.0	35.0	14.0	-14.0	60.33
65	-10.0	13.0	-34.0	26.0	16.0	19.0	98.0	-30.0	53.58
66	-59.0	-42.0	29.0	33.0	29.0	-17.0	-9.0	-9.0	49.04
67	-96.0	-62.0	28.0	-36.0	30.0	15.0	47.0	33.0	56.55
68	107.0	-128.0	-111.0	-40.0	13.0	-5.0	43.0	-1.0	51.56
69	36.0	73.0	-58.0	76.0	-2.0	7.0	6.0	-11.0	62.49
70	41.0	-6.0	37.0	127.0	-20.0	-17.0	90.0	-4.0	52.19
71	-106.0	52.0	108.0	-18.0	13.0	-21.0	-3.0	-15.0	42.05
72	-29.0	-128.0	-85.0	-128.0	-9.0	4.0	-48.0	-83.0	37.11
73	111.0	-104.0	44.0	-30.0	18.0	-1.0	-52.0	24.0	36.31
74	-77.0	-64.0	60.0	2.0	-25.0	-3.0	-7.0	53.0	36.0
75	84.0	-104.0	22.0	-57.0	26.0	-40.0	2.0	26.0	35.8
76	-51.0	127.0	-33.0	-128.0	-5.0	0.0	-17.0	-21.0	35.72
77	110.0	-13.0	125.0	-49.0	-8.0	25.0	27.0	26.0	35.72
78	-94.0	127.0	-46.0	42.0	-39.0	10.0	5.0	-17.0	35.8
79	-128.0	-43.0	47.0	5.0	10.0	14.0	57.0	79.0	35.51
80	-8.0	-87.0	-30.0	-103.0	-7.0	28.0	-7.0	-53.0	35.88
81	86.0	3.0	-63.0	-45.0	0.0	7.0	-108.0	-16.0	36.0
82	60.0	118.0	31.0	-10.0	-9.0	-12.0	1.0	-58.0	37.67
83	66.0	75.0	-7.0	55.0	-11.0	-31.0	-85.0	-11.0	44.09
84	71.0	79.0	-41.0	0.0	-10.0	14.0	15.0	31.0	50.1
85	-128.0	92.0	8.0	-81.0	-9.0	21.0	-54.0	-56.0	40.59
