0	46.0	-113.0	-3.0	-128.0	30.0	8.0	-2.0	-22.0	102.57
1	-128.0	-128.0	7.0	-11.0	-6.0	-9.0	20.0	3.0	108.11
2	29.0	29.0	27.0	14.0	19.0	-4.0	53.0	-60.0	105.08
3	-36.0	-68.0	-110.0	47.0	-2.0	8.0	7.0	4.0	102.57
4	-118.0	-105.0	109.0	25.0	-12.0	-9.0	-5.0	48.0	103.93
5	65.0	84.0	-128.0	-78.0	-6.0	-11.0	3.0	45.0	105.08
6	50.0	-66.0	127.0	-42.0	19.0	12.0	15.0	-31.0	100.2
7	-126.0	6.0	-19.0	-51.0	-10.0	-7.0	-7.0	17.0	106.9
8	-58.0	54.0	-113.0	-9.0	-1.0	-17.0	5.0	-23.0	106.9
9	28.0	112.0	-69.0	-90.0	-11.0	-22.0	-16.0	-17.0	109.77
10	-18.0	-35.0	70.0	38.0	3.0	-1.0	-1.0	12.0	102.5
11	41.0	-104.0	-71.0	-16.0	-1.0	-3.0	-40.0	0.0	99.62
12	-79.0	54.0	39.0	38.0	6.0	10.0	35.0	-77.0	115.06
13	84.0	50.0	54.0	-128.0	11.0	4.0	7.0	26.0	119.24
14	62.0	-69.0	-35.0	20.0	-8.0	-1.0	23.0	-10.0	116.8
15	-128.0	89.0	-62.0	-34.0	-8.0	4.0	-1.0	28.0	121.47
16	36.0	-48.0	19.0	-14.0	-13.0	21.0	-16.0	-5.0	128.49
17	68.0	-40.0	-37.0	8.0	-7.0	0.0	-19.0	64.0	127.04
18	62.0	38.0	-40.0	17.0	2.0	1.0	-6.0	-34.0	119.47
19	0.0	-98.0	-23.0	-26.0	10.0	-6.0	-1.0	16.0	119.24
20	37.0	24.0	54.0	12.0	6.0	-13.0	6.0	9.0	130.55
21	-19.0	127.0	4.0	14.0	14.0	-1.0	-5.0	-48.0	131.66
22	-76.0	41.0	-99.0	14.0	-12.0	-3.0	-1.0	-3.0	127.93
23	127.0	-68.0	-50.0	-30.0	-15.0	3.0	-2.0	11.0	127.93
24	127.0	127.0	-61.0	40.0	1.0	6.0	-9.0	-37.0	133.93
25	-18.0	102.0	-80.0	50.0	-8.0	15.0	-12.0	12.0	133.68
26	70.0	34.0	71.0	-48.0	-6.0	-1.0	5.0	-11.0	133.62
27	7.0	73.0	1.0	5.0	12.0	-4.0	-4.0	-52.0	133.68
28	97.0	119.0	-67.0	67.0	3.0	0.0	42.0	-46.0	131.66
29	126.0	75.0	-37.0	-22.0	2.0	-5.0	16.0	-1.0	133.16
30	120.0	-112.0	-92.0	-91.0	0.0	-2.0	-4.0	70.0	133.88
31	4.0	-24.0	-102.0	8.0	15.0	6.0	-10.0	68.0	133.93
32	33.0	35.0	-37.0	11.0	4.0	-1.0	-4.0	15.0	132.96
33	66.0	-75.0	-27.0	-10.0	9.0	-11.0	-14.0	-63.0	125.43
34	70.0	-127.0	107.0	7.0	12.0	2.0	-8.0	39.0	131.15
35	-88.0	83.0	-31.0	-86.0	-1.0	-13.0	0.0	-12.0	127.04
36	21.0	55.0	-11.0	57.0	12.0	-2.0	28.0	11.0	123.36
37	-128.0	-70.0	58.0	-26.0	-14.0	-3.0	5.0	44.0	122.95
38	108.0	-83.0	-34.0	14.0	-6.0	4.0	17.0	-23.0	121.47
39	37.0	-9.0	-14.0	34.0	-4.0	-7.0	5.0	-40.0	116.8
40	-58.0	-60.0	25.0	-84.0	10.0	13.0	-7.0	0.0	104.64
41	111.0	53.0	9.0	-34.0	1.0	-9.0	7.0	-68.0	99.47
42	19.0	37.0	36.0	-6.0	-3.0	16.0	15.0	-51.0	98.76
43	34.0	112.0	5.0	-2.0	6.0	-4.0	4.0	49.0	93.12
44	-63.0	-128.0	-70.0	99.0	3.0	-13.0	-4.0	1.0	93.12
45	-66.0	-128.0	63.0	12.0	0.0	-8.0	-4.0	21.0	93.64
46	-38.0	105.0	53.0	56.0	5.0	-11.0	-36.0	46.0	93.64
47	2.0	53.0	-64.0	75.0	-16.0	13.0	15.0	1.0	94.37
48	85.0	46.0	37.0	-104.0	-13.0	1.0	-10.0	-2.0	97.29
49	-128.0	72.0	-5.0	-4.0	-9.0	-6.0	-4.0	-35.0	97.29
50	58.0	-66.0	-95.0	-6.0	-8.0	14.0	-3.0	71.0	95.84
51	-108.0	-84.0	-63.0	35.0	-15.0	-1.0	8.0	-30.0	92.03
52	-128.0	-100.0	22.0	-14.0	-12.0	2.0	1.0	-8.0	90.52
53	-128.0	-51.0	-42.0	-5.0	1.0	-3.0	-7.0	13.0	86.05
54	-53.0	96.0	4.0	83.0	-2.0	10.0	-1.0	7.0	87.47
55	-19.0	93.0	-23.0	-52.0	-14.0	9.0	-1.0	-13.0	89.12
56	-89.0	101.0	-40.0	-29.0	3.0	5.0	-5.0	-28.0	71.68
57	-3.0	91.0	-7.0	73.0	18.0	11.0	1.0	47.0	71.38
58	127.0	-8.0	-40.0	-38.0	-4.0	6.0	10.0	-17.0	86.05
59	20.0	37.0	79.0	22.0	13.0	-2.0	-7.0	16.0	71.68
60	88.0	-17.0	76.0	22.0	9.0	32.0	-70.0	65.0	70.71
61	63.0	-58.0	0.0	34.0	-2.0	-5.0	-1.0	-23.0	70.6
62	-33.0	-11.0	-53.0	14.0	-1.0	-10.0	9.0	18.0	54.84
63	23.0	-37.0	68.0	0.0	23.0	-6.0	39.0	-23.0	56.46
64	-22.0	-10.0	115.0	-18.0	-17.0	-10.0	-3.0	-28.0	54.34
65	33.0	-10.0	-89.0	11.0	-6.0	-42.0	2.0	40.0	58.48
66	-38.0	-92.0	-8.0	-83.0	14.0	14.0	3.0	-48.0	52.61
67	127.0	56.0	58.0	0.0	-23.0	-7.0	12.0	69.0	41.9
68	9.0	3.0	38.0	3.0	-14.0	24.0	-3.0	10.0	60.44
69	-3.0	-128.0	35.0	30.0	-1.0	13.0	-4.0	-35.0	70.27
70	72.0	3.0	52.0	5.0	-16.0	-2.0	-14.0	-52.0	70.27
71	-71.0	-12.0	44.0	-11.0	13.0	-9.0	0.0	26.0	70.12
72	-70.0	-29.0	60.0	-14.0	5.0	9.0	6.0	9.0	53.86
73	77.0	103.0	-128.0	-7.0	0.0	-13.0	-11.0	44.0	41.99
74	21.0	-23.0	53.0	56.0	9.0	-1.0	-11.0	9.0	41.99
75	95.0	-22.0	-59.0	-32.0	13.0	-11.0	-62.0	76.0	48.22
76	-104.0	66.0	30.0	-21.0	-3.0	7.0	-6.0	22.0	42.7
77	-59.0	62.0	32.0	47.0	-4.0	-11.0	1.0	-8.0	52.61
78	-35.0	-96.0	-14.0	-20.0	4.0	12.0	-14.0	-23.0	54.84
79	-35.0	-91.0	-34.0	-46.0	6.0	8.0	45.0	6.0	70.71
80	-128.0	-46.0	-5.0	44.0	-44.0	24.0	-4.0	1.0	89.12
81	66.0	52.0	37.0	-49.0	-3.0	14.0	-3.0	37.0	99.47
82	121.0	107.0	19.0	71.0	-5.0	4.0	12.0	-34.0	99.54
