0	-3.0	38.0	-68.0	3.0	9.0	-9.0	42.0	11.0	52.46
1	59.0	-5.0	20.0	-20.0	10.0	27.0	87.0	25.0	54.9
2	-14.0	-30.0	-9.0	-4.0	28.0	-11.0	10.0	-55.0	47.14
3	-2.0	16.0	-11.0	12.0	8.0	-7.0	12.0	54.0	59.6
4	42.0	-30.0	-16.0	-5.0	-2.0	2.0	9.0	32.0	78.2
5	12.0	7.0	0.0	10.0	-7.0	0.0	12.0	16.0	69.07
6	-65.0	-57.0	-11.0	-28.0	-3.0	20.0	-18.0	-7.0	52.0
7	76.0	-33.0	-20.0	8.0	0.0	-16.0	5.0	-24.0	48.33
8	-30.0	-34.0	0.0	-66.0	-10.0	20.0	-9.0	34.0	49.66
9	-38.0	-64.0	-22.0	-42.0	-8.0	-9.0	0.0	4.0	45.8
10	-21.0	34.0	88.0	-12.0	8.0	-1.0	16.0	7.0	42.8
11	32.0	-91.0	-8.0	-96.0	8.0	82.0	11.0	-42.0	47.75
12	17.0	-1.0	15.0	12.0	-9.0	-9.0	-4.0	-12.0	39.69
13	10.0	40.0	-2.0	39.0	-7.0	9.0	7.0	-4.0	42.26
14	-14.0	-56.0	9.0	-4.0	17.0	-4.0	-6.0	2.0	45.8
15	-10.0	-25.0	-21.0	-11.0	-9.0	3.0	-26.0	4.0	43.88
16	-49.0	21.0	12.0	25.0	-14.0	3.0	116.0	-27.0	48.52
17	-15.0	19.0	4.0	-18.0	-3.0	-12.0	6.0	1.0	36.05
18	-73.0	1.0	31.0	14.0	17.0	-2.0	38.0	43.0	31.74
19	66.0	-53.0	-13.0	13.0	10.0	-4.0	-7.0	11.0	31.74
20	-38.0	-58.0	2.0	-14.0	21.0	-5.0	-26.0	20.0	36.29
21	-3.0	16.0	0.0	-2.0	3.0	-13.0	4.0	1.0	39.54
22	14.0	-11.0	49.0	-14.0	-7.0	25.0	7.0	4.0	36.01
23	30.0	-7.0	27.0	-6.0	2.0	-2.0	1.0	127.0	52.46
24	-11.0	59.0	2.0	-9.0	5.0	-5.0	-17.0	-9.0	42.8
25	24.0	1.0	-23.0	-18.0	-17.0	2.0	-14.0	11.0	47.14
26	6.0	35.0	7.0	12.0	4.0	-2.0	-1.0	20.0	68.86
27	-4.0	-34.0	5.0	5.0	-3.0	2.0	7.0	2.0	65.91
28	10.0	40.0	-42.0	-2.0	5.0	13.0	-9.0	-5.0	78.2
29	-34.0	2.0	-5.0	-7.0	-7.0	6.0	-18.0	24.0	72.25
30	5.0	-14.0	-71.0	6.0	12.0	10.0	-25.0	17.0	82.67
31	-22.0	10.0	-17.0	18.0	-4.0	5.0	2.0	113.0	87.24
32	7.0	42.0	-18.0	-4.0	41.0	4.0	-1.0	39.0	88.43
33	14.0	-80.0	32.0	3.0	-3.0	-9.0	-3.0	-25.0	88.43
34	-15.0	-12.0	2.0	-2.0	-8.0	-4.0	-2.0	-28.0	90.87
35	8.0	14.0	47.0	-1.0	-6.0	-1.0	3.0	33.0	103.56
36	-84.0	-18.0	21.0	-4.0	3.0	4.0	-23.0	-46.0	108.82
37	-20.0	-3.0	-14.0	15.0	4.0	-24.0	-7.0	11.0	112.86
38	-56.0	-12.0	-7.0	-27.0	7.0	25.0	-128.0	11.0	97.26
39	0.0	-77.0	-3.0	19.0	2.0	-4.0	21.0	-12.0	99.57
40	-45.0	99.0	-10.0	-15.0	-19.0	4.0	18.0	16.0	110.24
41	-34.0	-9.0	68.0	-21.0	1.0	-3.0	4.0	-11.0	104.45
42	42.0	-30.0	-15.0	-1.0	5.0	2.0	88.0	-5.0	103.49
43	-4.0	-57.0	-10.0	3.0	2.0	24.0	8.0	-117.0	99.57
44	28.0	1.0	7.0	-18.0	-1.0	-35.0	2.0	28.0	99.24
45	13.0	5.0	52.0	8.0	41.0	2.0	-32.0	18.0	119.84
46	-65.0	30.0	-2.0	-40.0	10.0	22.0	-12.0	41.0	119.84
47	-13.0	-50.0	-8.0	24.0	-21.0	6.0	-3.0	-27.0	107.63
48	69.0	2.0	-2.0	12.0	-6.0	-9.0	-2.0	-11.0	112.86
49	1.0	1.0	-58.0	6.0	-7.0	20.0	-12.0	-19.0	108.82
50	74.0	36.0	46.0	3.0	0.0	0.0	-11.0	26.0	106.07
51	-25.0	13.0	9.0	-24.0	9.0	-49.0	-26.0	19.0	114.46
52	-11.0	-33.0	-83.0	-8.0	-1.0	2.0	-1.0	-13.0	107.63
53	-18.0	-26.0	77.0	-8.0	12.0	6.0	18.0	-24.0	119.63
54	-10.0	-65.0	-23.0	4.0	6.0	0.0	-60.0	-19.0	117.23
55	11.0	51.0	19.0	-3.0	8.0	-12.0	13.0	-29.0	98.42
56	-29.0	-6.0	-16.0	11.0	-4.0	7.0	17.0	51.0	114.17
57	48.0	-10.0	-6.0	-16.0	5.0	-8.0	-22.0	30.0	109.68
58	-79.0	3.0	-71.0	13.0	-5.0	6.0	-19.0	87.0	106.78
59	-4.0	-31.0	63.0	-23.0	-14.0	0.0	9.0	14.0	118.73
60	-55.0	-8.0	-4.0	8.0	3.0	36.0	46.0	22.0	114.17
61	-16.0	26.0	-11.0	-9.0	-1.0	-5.0	-11.0	-16.0	116.13
62	-18.0	-14.0	-14.0	-19.0	-8.0	-25.0	-14.0	49.0	120.4
63	8.0	17.0	19.0	-5.0	-1.0	62.0	8.0	56.0	117.82
64	30.0	-78.0	13.0	0.0	1.0	7.0	8.0	-22.0	119.85
65	-49.0	-10.0	-53.0	-4.0	-26.0	-31.0	29.0	14.0	104.45
66	2.0	9.0	3.0	9.0	-13.0	9.0	-20.0	20.0	118.73
67	8.0	-3.0	-7.0	1.0	-15.0	4.0	-3.0	-5.0	92.91
68	42.0	-11.0	47.0	1.0	0.0	20.0	-15.0	-35.0	94.24
69	-39.0	-26.0	-29.0	6.0	8.0	-17.0	32.0	19.0	90.87
70	-10.0	-22.0	13.0	25.0	5.0	8.0	-19.0	0.0	80.66
71	-70.0	-51.0	-11.0	-6.0	13.0	-6.0	17.0	-38.0	57.15
72	-51.0	121.0	-34.0	-6.0	6.0	5.0	-12.0	3.0	55.24
73	-65.0	-21.0	-4.0	10.0	10.0	-2.0	35.0	-7.0	63.84
74	-1.0	61.0	-11.0	14.0	19.0	-8.0	3.0	10.0	61.0
75	-101.0	-3.0	-43.0	-11.0	5.0	-6.0	2.0	-15.0	57.15
76	127.0	-82.0	-12.0	11.0	2.0	4.0	-10.0	40.0	70.62
77	-21.0	-5.0	21.0	-10.0	15.0	-3.0	-15.0	-4.0	69.07
78	35.0	-23.0	21.0	-7.0	9.0	9.0	1.0	19.0	59.6
