0	5.0	-13.0	-15.0	0.0	0.0	7.0	-10.0	11.0	115.66
1	-22.0	24.0	-100.0	95.0	-8.0	6.0	-29.0	15.0	110.33
2	40.0	-18.0	19.0	5.0	3.0	-15.0	-27.0	69.0	109.69
3	-110.0	32.0	57.0	-35.0	15.0	-9.0	5.0	-17.0	126.39
4	-80.0	92.0	-60.0	-16.0	-5.0	30.0	15.0	-11.0	125.16
5	-14.0	-98.0	22.0	-2.0	-2.0	3.0	-14.0	-40.0	117.21
6	13.0	77.0	-18.0	-17.0	-18.0	5.0	-19.0	57.0	107.71
7	39.0	29.0	-5.0	40.0	-2.0	20.0	94.0	3.0	125.28
8	127.0	-99.0	-30.0	-6.0	-19.0	15.0	-18.0	-8.0	117.78
9	33.0	-109.0	10.0	-13.0	-8.0	-3.0	27.0	51.0	122.2
10	-61.0	14.0	-3.0	10.0	10.0	-1.0	-4.0	-17.0	131.72
11	-14.0	-85.0	-10.0	32.0	1.0	3.0	33.0	-7.0	117.21
12	24.0	36.0	-8.0	-31.0	11.0	-14.0	2.0	-3.0	133.17
13	29.0	54.0	103.0	35.0	3.0	-19.0	-11.0	-6.0	126.39
14	-78.0	-45.0	-128.0	-10.0	3.0	-3.0	-27.0	32.0	110.55
15	51.0	80.0	-54.0	10.0	-17.0	-3.0	12.0	-12.0	115.42
16	14.0	83.0	-20.0	-1.0	4.0	-6.0	59.0	30.0	107.71
17	88.0	-43.0	26.0	34.0	15.0	44.0	9.0	2.0	107.64
18	-54.0	-12.0	8.0	-63.0	11.0	9.0	-30.0	-17.0	97.28
19	67.0	32.0	29.0	-26.0	-6.0	-9.0	10.0	-23.0	97.38
20	17.0	14.0	-88.0	24.0	2.0	-12.0	0.0	47.0	91.75
21	-128.0	-107.0	-14.0	-128.0	-1.0	9.0	-50.0	-10.0	89.38
22	-21.0	78.0	123.0	30.0	3.0	2.0	-125.0	23.0	89.21
23	66.0	-48.0	17.0	-9.0	17.0	-1.0	33.0	-18.0	81.81
24	50.0	44.0	27.0	4.0	18.0	2.0	-13.0	-5.0	72.36
25	8.0	-12.0	-62.0	4.0	-15.0	14.0	-51.0	18.0	76.62
26	106.0	43.0	15.0	91.0	7.0	-28.0	-13.0	-4.0	72.36
27	-5.0	-29.0	-64.0	-40.0	-1.0	4.0	87.0	-9.0	70.1
28	-26.0	-17.0	17.0	-90.0	-6.0	11.0	6.0	-13.0	65.69
29	-71.0	20.0	76.0	-91.0	-1.0	19.0	-53.0	-8.0	68.07
30	-92.0	-62.0	-40.0	44.0	-10.0	4.0	-70.0	-9.0	66.04
31	-79.0	22.0	9.0	57.0	-9.0	2.0	26.0	-15.0	57.94
32	64.0	-30.0	48.0	45.0	-1.0	1.0	40.0	-1.0	58.4
33	-2.0	-27.0	-77.0	-4.0	-4.0	-4.0	41.0	-26.0	68.07
34	-61.0	-15.0	-1.0	16.0	-4.0	11.0	-67.0	-6.0	61.33
35	124.0	91.0	-46.0	-120.0	1.0	6.0	41.0	-9.0	57.94
36	127.0	-8.0	33.0	21.0	1.0	12.0	-128.0	75.0	49.61
37	-12.0	49.0	-28.0	-41.0	5.0	-2.0	4.0	-21.0	56.93
38	75.0	20.0	31.0	-1.0	15.0	-45.0	3.0	-91.0	49.91
39	-95.0	61.0	-37.0	-20.0	6.0	16.0	-41.0	29.0	50.15
40	12.0	-10.0	17.0	-37.0	-31.0	-20.0	-58.0	-13.0	49.91
41	-40.0	-7.0	-113.0	25.0	1.0	-5.0	-77.0	-30.0	51.45
42	-56.0	127.0	99.0	7.0	19.0	4.0	13.0	-3.0	60.48
43	112.0	-4.0	6.0	-41.0	0.0	5.0	-7.0	-6.0	61.33
44	30.0	19.0	18.0	-50.0	4.0	0.0	37.0	-64.0	61.04
45	-112.0	-42.0	-19.0	29.0	18.0	32.0	2.0	18.0	69.78
46	65.0	-59.0	5.0	19.0	3.0	-3.0	-37.0	40.0	75.55
47	125.0	-80.0	-11.0	-1.0	8.0	1.0	-9.0	-35.0	86.71
48	-22.0	-33.0	23.0	-24.0	-1.0	0.0	-6.0	-81.0	83.84
49	-37.0	52.0	-128.0	12.0	-3.0	12.0	-104.0	1.0	85.13
50	2.0	108.0	20.0	2.0	-12.0	-3.0	-17.0	-6.0	94.16
51	-71.0	-61.0	46.0	37.0	54.0	-8.0	105.0	-44.0	97.38
52	11.0	70.0	29.0	-18.0	8.0	14.0	41.0	-10.0	107.64
53	77.0	127.0	56.0	-3.0	-10.0	-13.0	-16.0	-14.0	102.46
54	35.0	46.0	-25.0	-61.0	-4.0	22.0	-77.0	33.0	83.84
55	26.0	-128.0	-29.0	52.0	11.0	-17.0	12.0	12.0	76.62
56	-41.0	1.0	10.0	-18.0	-10.0	-34.0	58.0	8.0	79.09
57	94.0	45.0	-128.0	7.0	-5.0	13.0	-52.0	-2.0	91.64
58	98.0	-17.0	21.0	28.0	-10.0	-2.0	34.0	5.0	91.64
59	58.0	-10.0	109.0	11.0	1.0	6.0	26.0	2.0	97.28
60	39.0	127.0	-44.0	23.0	1.0	-5.0	-110.0	29.0	105.13
61	48.0	-19.0	8.0	15.0	12.0	-13.0	-14.0	-10.0	105.48
62	-63.0	84.0	-10.0	-45.0	-5.0	-2.0	-27.0	11.0	104.88
63	-10.0	-62.0	-74.0	16.0	5.0	-18.0	-36.0	18.0	96.17
64	52.0	-38.0	15.0	-62.0	2.0	18.0	13.0	-6.0	98.92
65	-58.0	80.0	9.0	103.0	-5.0	-32.0	-14.0	-10.0	104.76
66	22.0	-32.0	-18.0	-6.0	-3.0	-16.0	16.0	-2.0	121.73
67	96.0	81.0	21.0	-15.0	-6.0	-11.0	27.0	-16.0	108.4
68	-73.0	-7.0	-75.0	-60.0	6.0	21.0	-22.0	15.0	128.58
69	-102.0	-19.0	-30.0	34.0	-12.0	32.0	43.0	9.0	132.5
70	-42.0	-25.0	-43.0	-127.0	8.0	6.0	-68.0	42.0	132.79
71	54.0	70.0	61.0	20.0	-3.0	-30.0	6.0	28.0	133.19
72	-28.0	-57.0	-4.0	-7.0	2.0	-21.0	112.0	-54.0	132.5
73	4.0	127.0	-97.0	37.0	-10.0	32.0	1.0	23.0	132.89
74	-101.0	33.0	65.0	0.0	6.0	2.0	78.0	27.0	130.45
75	21.0	-15.0	0.0	-45.0	-6.0	14.0	6.0	-39.0	133.19
76	127.0	49.0	-3.0	-58.0	1.0	33.0	-52.0	8.0	131.55
77	-2.0	29.0	22.0	-8.0	-7.0	-15.0	-86.0	12.0	125.28
