0	-21.0	-24.0	-40.0	86.0	15.0	9.0	9.0	0.0	62.12
1	-40.0	-63.0	6.0	-6.0	-18.0	1.0	-9.0	4.0	51.81
2	-58.0	-25.0	-4.0	-26.0	10.0	32.0	4.0	-26.0	66.44
3	-62.0	-3.0	-16.0	-24.0	-5.0	11.0	-4.0	15.0	70.14
4	6.0	-71.0	49.0	-34.0	11.0	-18.0	-6.0	-22.0	54.14
5	-18.0	73.0	-63.0	-34.0	4.0	3.0	-34.0	11.0	80.87
6	82.0	-87.0	1.0	1.0	0.0	-11.0	21.0	0.0	99.39
7	28.0	-26.0	83.0	-7.0	10.0	9.0	-5.0	3.0	113.55
8	-24.0	26.0	52.0	-37.0	-11.0	-19.0	-4.0	5.0	125.09
9	-17.0	20.0	28.0	-89.0	-4.0	5.0	3.0	7.0	126.64
10	-39.0	60.0	-4.0	-7.0	-7.0	11.0	2.0	16.0	126.64
11	17.0	45.0	10.0	110.0	-7.0	15.0	-5.0	-13.0	127.98
12	13.0	-12.0	1.0	-5.0	10.0	-14.0	25.0	-10.0	130.12
13	-3.0	-24.0	2.0	-4.0	18.0	1.0	0.0	-9.0	128.34
14	-5.0	60.0	25.0	-17.0	-6.0	3.0	11.0	19.0	134.99
15	-1.0	-4.0	-4.0	-108.0	8.0	-9.0	-16.0	5.0	135.64
16	40.0	-77.0	-31.0	11.0	-7.0	-12.0	-7.0	31.0	133.1
17	11.0	-5.0	42.0	-3.0	-2.0	-12.0	9.0	-17.0	130.12
18	-1.0	-54.0	-31.0	49.0	12.0	1.0	1.0	-6.0	130.76
19	-1.0	30.0	54.0	-13.0	-17.0	-1.0	15.0	-5.0	130.43
20	-43.0	63.0	-49.0	-10.0	0.0	-7.0	9.0	9.0	131.86
21	43.0	7.0	0.0	36.0	-19.0	-2.0	5.0	-2.0	135.64
22	-19.0	99.0	44.0	-62.0	11.0	-10.0	-6.0	-11.0	130.43
23	25.0	26.0	63.0	-29.0	4.0	-2.0	-16.0	-9.0	119.76
24	29.0	-23.0	14.0	-20.0	20.0	4.0	-13.0	-14.0	123.89
25	-72.0	10.0	-7.0	93.0	1.0	2.0	9.0	-37.0	122.57
26	-10.0	40.0	-7.0	-5.0	-9.0	3.0	-14.0	-9.0	110.55
27	52.0	-72.0	26.0	16.0	10.0	-22.0	-1.0	10.0	108.18
28	82.0	14.0	0.0	-11.0	6.0	-4.0	-19.0	-9.0	90.1
29	-18.0	56.0	-37.0	25.0	6.0	-2.0	1.0	-19.0	118.84
30	28.0	-22.0	22.0	-8.0	-6.0	-22.0	1.0	-20.0	123.98
31	32.0	63.0	2.0	-14.0	-9.0	9.0	-8.0	-25.0	126.5
32	-2.0	-8.0	-67.0	-99.0	-9.0	-24.0	-2.0	-18.0	89.91
33	6.0	-58.0	-6.0	124.0	26.0	-2.0	-12.0	9.0	118.84
34	-18.0	27.0	2.0	72.0	4.0	8.0	10.0	-6.0	102.77
35	-98.0	-1.0	-19.0	0.0	7.0	18.0	-36.0	-19.0	89.91
36	-22.0	11.0	-32.0	-3.0	-10.0	-14.0	-10.0	-4.0	102.77
37	-47.0	62.0	-61.0	-15.0	16.0	-1.0	-9.0	2.0	116.24
38	-13.0	8.0	3.0	5.0	-13.0	-18.0	-11.0	45.0	111.79
39	34.0	-15.0	-10.0	-10.0	17.0	17.0	-11.0	-7.0	80.07
40	-72.0	-7.0	-25.0	30.0	-5.0	-13.0	-20.0	-7.0	88.01
41	16.0	-39.0	-10.0	72.0	23.0	-22.0	5.0	33.0	82.0
42	32.0	19.0	-15.0	5.0	-6.0	21.0	-1.0	9.0	80.87
43	-10.0	32.0	-3.0	-20.0	-9.0	-3.0	-2.0	-7.0	58.93
44	9.0	21.0	-32.0	10.0	3.0	1.0	20.0	-7.0	52.43
45	67.0	-33.0	33.0	7.0	-11.0	-5.0	-17.0	-42.0	79.42
46	-77.0	15.0	-6.0	-20.0	25.0	3.0	-3.0	17.0	54.14
47	-8.0	-45.0	-16.0	-2.0	7.0	-12.0	1.0	-17.0	58.96
48	1.0	-3.0	25.0	29.0	5.0	20.0	-18.0	39.0	75.32
49	39.0	-62.0	18.0	0.0	-4.0	1.0	16.0	3.0	71.21
50	-48.0	-66.0	11.0	-5.0	-6.0	17.0	25.0	23.0	55.6
51	18.0	18.0	-22.0	-15.0	3.0	-11.0	-16.0	-10.0	51.81
52	2.0	46.0	-11.0	-27.0	-7.0	0.0	-17.0	-10.0	49.13
53	-19.0	38.0	3.0	-24.0	-6.0	-7.0	13.0	39.0	50.54
54	50.0	74.0	-3.0	-2.0	6.0	-18.0	0.0	18.0	49.25
55	-54.0	67.0	-15.0	5.0	-9.0	6.0	2.0	-14.0	47.96
56	49.0	-40.0	38.0	0.0	-11.0	-14.0	-7.0	19.0	46.71
57	-54.0	-35.0	17.0	17.0	1.0	1.0	-12.0	-11.0	46.26
58	-12.0	-43.0	68.0	-13.0	-8.0	15.0	7.0	-12.0	46.7
59	-15.0	-14.0	-93.0	-109.0	0.0	-8.0	5.0	19.0	46.92
60	118.0	1.0	-74.0	28.0	-7.0	-6.0	68.0	12.0	46.33
61	19.0	-51.0	-28.0	-29.0	7.0	7.0	6.0	11.0	46.7
62	-20.0	-99.0	120.0	15.0	-9.0	25.0	-3.0	0.0	47.01
63	125.0	-6.0	107.0	-20.0	-16.0	2.0	15.0	3.0	47.68
64	-16.0	-51.0	18.0	-54.0	-15.0	-20.0	11.0	-1.0	47.88
65	78.0	-24.0	-5.0	28.0	7.0	-4.0	5.0	-24.0	47.01
66	-1.0	29.0	-51.0	-15.0	-2.0	-9.0	2.0	-9.0	46.92
67	17.0	27.0	-31.0	-27.0	-11.0	29.0	1.0	-21.0	49.95
68	1.0	-7.0	45.0	20.0	-9.0	3.0	-22.0	-33.0	50.94
69	-61.0	-15.0	16.0	-16.0	5.0	-8.0	6.0	23.0	52.36
70	-18.0	-14.0	-16.0	-14.0	-1.0	-4.0	5.0	-16.0	64.04
71	-45.0	18.0	26.0	35.0	-2.0	-11.0	-16.0	9.0	51.81
72	-39.0	-23.0	-1.0	-9.0	0.0	-1.0	-14.0	1.0	66.44
73	-68.0	61.0	3.0	-31.0	-6.0	1.0	6.0	18.0	64.04
74	15.0	-2.0	-34.0	2.0	-22.0	4.0	105.0	-1.0	73.26
75	40.0	-14.0	-61.0	42.0	-1.0	1.0	17.0	4.0	50.94
