1	57.05	129.15
2	44.44	116.45
3	26.32	120.79
4	27.77	134.72
5	75.99	122.92
6	70.5	116.19
7	67.65	98.33
8	84.53	79.42
9	70.61	60.78
10	78.08	53.47
11	76.47	38.57
12	67.03	35.31
13	82.45	46.79
14	56.84	54.65
15	54.47	62.34
16	72.64	59.81
17	66.9	70.4
18	80.64	74.53
19	73.34	91.24
20	60.43	93.94
21	60.57	96.68
22	23.32	101.44
23	48.86	103.41
24	59.07	102.36
25	54.58	98.7
26	64.05	95.01
27	65.89	78.6
28	74.8	66.21
29	76.26	59.02
30	71.5	54.08
31	73.17	53.35
32	75.9	46.21
33	49.3	36.77
34	34.21	37.29
35	33.19	50.77
36	65.53	56.09
37	45.11	66.34
38	64.54	72.6
39	74.31	77.47
40	96.49	80.01
41	88.3	83.84
42	59.62	90.65
43	68.61	95.58
44	65.9	98.18
45	74.62	95.64
46	33.28	84.58
47	73.59	77.67
48	82.75	69.49
49	66.23	60.06
50	33.58	57.44
51	46.9	53.27
52	60.14	57.31
53	76.03	57.42
54	75.55	51.51
55	43.73	50.6
56	32.44	59.54
57	53.3	57.26
58	92.44	62.14
59	75.77	70.68
60	48.24	72.75
61	70.07	76.6
62	71.23	85.75
63	83.9	87.28
64	23.4	93.38
65	35.68	104.17
66	59.45	110.81
67	72.45	113.52
68	41.25	115.13
69	69.55	113
70	58.21	102.84
71	86.7	87.57
72	89.29	75.31
73	62	70.16
74	90.94	63.38
75	63.01	51.22
76	41.25	48.5
77	80.63	47.89
78	53.22	49.31
79	91.23	52.42
80	81.15	57.58
81	37.93	61.21
82	28.77	67.25
83	37.3	73.44
84	29.57	83.69
85	78.11	91.3
86	25.06	100.89
87	22.24	109.52
88	83.73	112.2
89	51.22	113.78
90	73.91	113.45
91	79.05	113.09
92	79.23	77.39
93	68.87	74.43
94	84.4	68.13
95	100.37	63.66
96	35.09	52.37
97	33.2	50.4
98	57.34	49.97
99	68.51	50.45
100	53.28	54.74
101	20.57	62.15
102	29.71	63.45
103	59.62	69.71
104	45.61	75.12
105	60.67	89.15
106	31.97	90.15
107	49.54	94.49
108	63.4	109.43
109	40.24	114.54
110	76.27	116.97
111	83.95	118.53
112	90.18	116.44
113	65.2	92.94
114	63.29	74
115	61.68	68.62
116	87.15	64.09
117	77.16	58.04
118	67.21	58.96
119	33.39	56.6
120	67.83	47.93
121	55.15	55.5
122	29.11	60.25
123	44.12	65.96
124	73.92	64.64
125	55.01	69.9
126	67.66	73.17
127	44.39	81.32
128	22.23	75.44
129	50	84.28
130	30.92	96.26
131	53.14	100.07
132	83.95	98.86
133	31.55	113.18
134	41.23	114.88
135	67.4	110.28
136	53.63	100.02
137	54.98	86.24
138	70.84	74.21
139	77.9	65.28
140	54.87	55.27
141	84.45	58.37
142	68.82	56.12
143	27.23	56.83
144	42.56	54.69
145	60.72	59.65
146	74.47	56.5
147	52.47	64.41
148	66.13	71.03
149	27.64	83.19
150	53.47	97.25
151	42.43	97.92
152	68.95	100.98
153	45.44	98.62
154	45.65	105.45
155	41.86	83.52
156	73.76	69.88
157	46.2	61.24
158	56.32	57.89
159	70.43	58.47
160	76.31	42.53
161	46.77	44.26
162	45.25	46.24
163	55.72	58.94
164	62.49	63.52
165	21.01	64.75
166	45.3	66.5
167	33.36	69.56
168	46.27	89.64
169	49.97	80.48
170	22.41	88.42
171	57.47	99.57
172	48.15	101.15
173	59.84	82.33
174	80.49	76.31
175	71	68.87
176	54.5	60.03
177	56.1	47.78
178	101.04	43.75
179	78.54	31.87
180	54.38	49.97
181	40.62	59.07
182	78.8	61.88
183	37.97	61.31
184	41.52	61.92
185	42.42	71.75
186	37.39	81.4
187	48.15	89.97
188	21.84	102.28
189	44.26	103.26
190	53.53	104.51
191	75.49	119.17
192	79.61	82.74
193	75.74	74.55
194	45.78	64.35
195	83.28	51.97
196	68.4	57.43
197	60.09	47.68
198	67.06	46.79
199	58.32	49.99
200	39.22	56.69
201	47.45	53.37
202	66.66	56.49
203	65.24	64.62
204	55.08	70.92
205	26.62	86.37
206	48.51	90.2
207	41.24	91.94
208	33.81	114.01
209	31.11	116.49
210	35.04	105.51
211	24.98	106.04
212	28.87	109.17
213	59.48	110.02
214	64.03	108.83
215	33.73	106.42
216	68.86	107.31
217	48.8	103.5
218	39.87	107.61
219	37.37	104.79
220	49.1	108.51
221	63.08	107.67
222	34.49	107.91
223	39.96	108.7
224	67.35	107.97
225	18.75	108.61
226	30.39	108.78
227	46.32	109.46
228	47.86	110.29
229	65.23	110
230	28.06	108.82
231	50.29	109.32
232	10.53	108.89
233	76.14	109.03
234	23.78	109.33
235	48.64	110.28
236	40.46	112.33
237	49.69	114.99
238	40.45	118.32
239	25.8	121.86
240	37.89	125.89
241	39.21	131.6
242	47.49	133.16
243	51.38	137.66
244	45.84	141.67
245	48.11	143.71
246	46.02	145.42
247	29.61	147.17
248	56.66	149.23
249	25.49	150.55
250	25.25	151.71
251	13.61	152.8
252	29.92	154.21
253	24.48	154.94
254	38.08	155.36
255	8.58	155.41
256	35.75	155.38
257	14.04	155.47
258	11.96	155.39
259	19.7	155.41
260	22.01	155.46
261	11.29	155.45
262	3.51	155.35
263	3.9	155.21
264	4.74	155.07
265	5.27	154.95
266	4.45	154.77
267	2.34	155.01
268	5.83	155.69
269	5.5	156.73
270	4.6	157.86
271	13.63	158.7
272	17.27	159.4
273	4.73	159.87
274	14.29	160.08
275	3.19	160.2
276	5.5	160.23
277	5.76	160.27
278	5.61	160.34
279	3.94	160.38
280	2.64	160.41
281	2.18	160.44
282	4.33	160.57
283	1.11	160.77
284	1.64	161.07
285	3.91	161.49
286	1.79	161.82
287	3.74	162.16
288	2.06	162.41
289	2.06	162.65
290	2.06	162.84
291	2.06	162.74
292	2.06	162.74
293	2.06	162.8
294	2.06	162.85
295	2.06	162.88
296	2.06	162.85
297	2.06	162.78
298	2.06	162.72
299	2.06	162.68
300	2.06	162.64
301	2.06	162.63
302	2.06	162.71
303	2.06	162.75
304	2.06	162.69
305	2.06	162.43
306	2.06	162.38
307	2.06	162.41
308	2.06	162.03
309	2.06	164.94
310	2.06	165.26
311	2.06	165.78
312	2.06	166.31
313	2.06	166.85
314	2.06	167.28
315	2.06	167.21
316	2.06	170.02
317	2.06	170.65
318	2.06	173.47
319	2.06	176.02
320	2.06	176.23
321	2.06	177.33
322	2.06	177.8
323	2.06	176.91
324	2.06	176.2
325	2.06	176.7
326	2.06	176.62
327	2.06	176.52
328	2.06	176.48
329	2.06	176.78
330	2.06	175.57
331	2.06	176.39
332	2.06	176.44
333	2.06	177.39
334	2.06	177.24
335	2.06	176.76
336	2.06	177.06
337	2.06	176.13
338	2.06	174.22
339	2.06	174.77
340	2.06	175.33
341	2.06	175.67
342	2.06	176.24
343	2.06	176.35
344	2.06	175.82
345	2.06	176.28
346	2.06	175.48
347	2.06	176.98
348	2.06	177.34
349	2.06	174.9
350	2.06	175.89
351	2.06	175.65
352	2.06	175.08
353	2.06	176.68
354	2.06	177.31
355	2.06	177.74
356	2.06	177.56
357	2.06	177.68
358	2.06	176.32
359	2.06	176.7
360	2.06	176.92
361	2.06	177.1
362	2.06	177.52
363	2.06	176.37
364	2.06	176.82
365	2.06	176.1
366	2.06	176.16
367	2.06	176.64
368	2.06	176.81
369	2.06	176.94
370	2.06	176.97
371	2.06	177.05
372	2.06	177.1
373	2.06	177.13
374	2.06	177.15
375	2.06	177.64
376	2.06	177.77
377	2.06	176.09
378	2.06	177.22
379	2.06	177.44
380	2.06	176.09
381	2.06	176.55
382	2.06	176.9
383	2.06	176.36
384	2.06	176.3
385	2.06	177.03
386	2.06	177.45
387	2.06	177.42
388	2.06	177.53
389	2.06	177.45
390	2.06	175.68
391	2.06	176.41
392	2.06	177.39
393	2.06	178.15
394	2.06	178.51
395	2.06	178.98
396	2.06	179.02
397	2.06	179.54
398	2.06	180
399	2.06	178.57
400	2.06	177.5
401	2.06	177.72
402	2.06	178.24
403	2.06	175.68
404	2.06	175.75
405	2.06	169.76
406	2.06	164.36
407	2.06	158.89
408	2.06	170.35
409	2.06	158.95
410	2.06	138.76
411	2.06	106.68
412	2.06	81.47
413	2.06	70.76
414	2.06	88.57
415	2.06	118.28
416	2.06	144.62
417	2.06	148.61
418	2.06	154.74
419	2.06	162.28
420	2.06	164.62
421	2.06	166.39
422	2.06	171.41
423	2.06	174.74
424	2.06	175.83
425	2.06	176.05
426	2.06	175.85
427	2.06	174.67
428	2.06	173.8
429	2.06	174.98
430	2.06	176.15
431	2.06	176.72
432	2.06	177.04
433	2.06	176.27
434	2.06	174.97
435	2.06	176.14
436	2.06	175.06
437	2.06	175.8
438	2.06	174.93
439	2.06	174.1
440	2.06	173.87
441	2.06	173.72
442	2.06	175.35
443	2.06	174.33
444	2.06	174.33
445	2.06	172.8
446	2.06	172.95
447	2.06	164.47
448	2.06	153.61
449	2.06	163.64
450	2.06	154.64
451	2.06	166.38
452	2.06	165.63
453	2.06	153.89
454	2.06	164.06
455	2.06	165.51
456	2.06	164.81
457	2.06	153.56
458	2.06	164.33
459	2.06	163.67
460	2.06	164.41
461	2.06	164.56
462	2.06	163.34
463	2.06	162.89
464	2.06	165.33
465	2.06	164.31
466	2.06	164.72
467	2.06	153.03
468	2.06	163.79
469	2.06	163.94
470	2.06	163.57
471	2.06	163.12
472	2.06	162.97
473	2.06	163.37
474	2.06	163.18
475	2.06	163.24
476	2.06	162.97
477	2.06	162.4
478	2.06	162.65
479	2.06	162.79
480	2.06	162.97
481	2.06	162.47
482	2.06	163.41
483	2.06	163.76
484	2.06	163.99
485	2.06	164.1
486	2.06	163.86
487	2.06	163.66
488	2.06	163.73
489	2.06	163.52
490	2.06	164.13
491	2.06	164.03
492	2.06	163.95
493	2.06	159.27
494	2.06	147.13
495	2.06	131.62
496	2.06	106.94
497	2.06	90.72
498	2.06	70.87
499	2.06	51.4
500	2.06	34.02
501	2.06	19.57
502	2.06	16.08
503	2.06	9.4
504	2.06	17.65
505	2.06	19.23
506	2.06	20.08
507	2.06	21.72
508	2.06	23.38
509	2.06	24.3
510	2.06	24.98
511	2.06	25.6
512	2.06	26.33
513	2.06	26.82
514	2.06	27
515	2.06	28.02
516	2.06	20.55
517	2.06	36.65
518	2.06	86.82
519	2.06	116.59
520	2.06	157.6
521	2.06	171.02
522	2.06	175.79
523	2.06	176.79
524	2.06	173.36
525	2.06	172.53
526	2.06	171.17
527	2.06	169.54
528	2.06	169.86
529	2.06	170.2
530	2.06	170.72
531	2.06	171.04
532	2.06	171.62
533	2.06	172.36
534	2.06	171.98
535	2.06	172.1
536	2.06	172.26
537	2.06	172.07
538	2.06	172.18
539	2.06	172.35
540	2.06	171.91
541	2.06	171.32
542	2.06	171.15
543	2.06	171.26
544	2.06	171.55
545	2.06	172.6
546	2.06	172.38
547	2.06	171.41
548	2.06	172.33
549	2.06	172.38
550	2.06	172.1
551	2.06	172.46
552	2.06	172.7
553	2.06	172.97
554	2.06	172.98
555	2.06	170.77
556	2.06	173.75
557	2.06	171.64
558	2.06	173.2
559	2.06	169.85
560	2.06	169.76
561	2.06	167.65
562	2.06	171.9
563	2.06	171.29
564	2.06	171.61
565	2.06	171.6
566	2.06	171.33
567	2.06	171.11
568	2.06	171.58
569	2.06	172.93
570	2.06	174.02
571	2.06	173.1
572	2.06	171.73
573	2.06	174.14
574	2.06	175.33
575	2.06	175.21
576	2.06	174.74
577	2.06	174.34
578	2.06	170.51
579	2.06	169.85
580	2.06	169.7
581	2.06	169.84
582	2.06	172.59
583	2.06	173.93
584	2.06	173.72
585	2.06	172.04
586	2.06	171.31
587	2.06	170.7
588	2.06	170.6
589	2.06	170.61
590	2.06	172.04
591	2.06	171.53
592	2.06	171.28
593	2.06	165.11
594	2.06	165.1
595	2.06	167.67
596	2.06	164.82
597	2.06	166.39
598	2.06	164
599	2.06	163.72
600	2.06	172.39
601	2.06	173.03
602	2.06	164.24
603	2.06	164.15
604	2.06	164.09
605	2.06	163.7
606	2.06	173.57
607	2.06	174.03
608	2.06	164.13
609	2.06	164.22
610	2.06	173.98
611	2.06	174.02
612	2.06	174.51
613	2.06	174.2
614	2.06	163.42
615	2.06	163.7
616	2.06	173.56
617	2.06	163.79
618	2.06	163.49
619	2.06	173.56
620	2.06	173.45
621	2.06	173.43
622	2.06	163.9
623	2.06	163.86
624	2.06	163.82
625	2.06	163.78
626	2.06	175.38
627	2.06	175.46
628	2.06	175.99
629	2.06	176.43
630	2.06	177.56
631	2.06	178.38
632	2.06	178.16
633	2.06	177.91
634	2.06	177.71
635	2.06	177.36
636	2.06	177.26
637	2.06	177.34
638	2.06	177.67
639	2.06	177.72
640	2.06	177.85
641	2.06	178.31
642	2.06	178.38
643	2.06	178.4
644	2.06	178.37
645	2.06	178.48
646	2.06	178.71
647	2.06	178.84
648	2.06	179
649	2.06	179.01
650	2.06	178.93
651	2.06	178.89
652	2.06	178.8
653	2.06	178.86
654	2.06	178.77
655	2.06	178.6
656	2.06	178.54
657	2.06	178.41
658	2.06	178.43
659	2.06	178.47
660	2.06	178.45
661	2.06	178.32
662	2.06	178.36
663	2.06	178.34
664	2.06	178.29
665	2.06	178.3
666	2.06	178.26
667	2.06	178.14
668	2.06	178.2
669	2.06	178.14
670	2.06	178.09
671	2.06	178.13
672	2.06	178.24
673	2.06	177.94
674	2.06	177.76
675	2.06	177.6
676	2.06	177.64
677	2.06	177.68
678	2.06	177.72
679	2.06	177.78
680	2.06	177.62
681	2.06	177.4
682	2.06	177.12
683	2.06	176.75
684	2.06	176.44
685	2.06	176.23
686	2.06	176.12
687	2.06	176.23
688	2.06	175.86
689	2.06	176.24
690	2.06	176.04
691	2.06	176.32
692	2.06	176.68
693	2.06	176.05
694	2.06	173.84
695	2.06	174.71
696	2.06	178.22
697	2.06	173.85
698	2.06	171.96
699	2.06	169.4
700	2.06	165.73
701	2.06	169.53
702	2.06	174.11
703	2.06	166.66
704	2.06	171.46
705	2.06	168.99
706	2.06	169.12
707	2.06	169.41
708	2.06	168.55
709	2.06	167.31
710	2.06	166.83
711	2.06	166.29
712	2.06	167.28
713	2.06	166.94
714	2.06	167.53
715	2.06	164.8