0	-7.0	42.0	43.0	-82.0	-62.0	46.0	127.0	-13.0	113.24
1	43.0	-94.0	43.0	-100.0	11.0	4.0	45.0	21.0	105.17
2	102.0	6.0	127.0	-49.0	4.0	-45.0	5.0	49.0	110.32
3	72.0	32.0	-58.0	9.0	24.0	-90.0	83.0	-14.0	105.17
4	87.0	45.0	-26.0	-128.0	-7.0	-5.0	58.0	-57.0	104.8
5	-121.0	113.0	63.0	3.0	12.0	36.0	-52.0	51.0	104.43
6	-14.0	127.0	-43.0	49.0	-3.0	0.0	47.0	38.0	104.8
7	127.0	78.0	-14.0	95.0	9.0	21.0	28.0	68.0	101.67
8	127.0	95.0	-3.0	-4.0	23.0	70.0	106.0	-48.0	99.42
9	-8.0	-9.0	-69.0	22.0	-54.0	31.0	59.0	41.0	78.75
10	-109.0	-76.0	-39.0	-6.0	-25.0	-10.0	-111.0	46.0	77.77
11	-39.0	-21.0	104.0	14.0	16.0	-6.0	-78.0	23.0	76.14
12	22.0	22.0	-49.0	125.0	-8.0	10.0	8.0	36.0	66.57
13	24.0	121.0	47.0	-61.0	-8.0	10.0	-95.0	15.0	68.22
14	127.0	-12.0	-19.0	15.0	-16.0	-97.0	-4.0	-47.0	63.1
15	34.0	-16.0	-19.0	11.0	0.0	-45.0	111.0	-64.0	63.91
16	23.0	-127.0	38.0	26.0	0.0	-11.0	70.0	-16.0	77.28
17	49.0	36.0	-12.0	26.0	-23.0	21.0	5.0	-69.0	87.16
18	-28.0	-9.0	-68.0	-18.0	7.0	12.0	-6.0	22.0	99.04
19	106.0	127.0	-53.0	-16.0	-15.0	-27.0	-9.0	-9.0	63.91
20	6.0	115.0	32.0	2.0	-43.0	-23.0	-128.0	7.0	47.19
21	-7.0	-107.0	-105.0	-28.0	12.0	12.0	-96.0	17.0	76.14
22	121.0	-29.0	120.0	33.0	-26.0	-29.0	-67.0	-97.0	67.25
23	61.0	-20.0	14.0	-2.0	-17.0	-7.0	-24.0	25.0	52.66
24	-110.0	-54.0	38.0	-56.0	-7.0	-80.0	34.0	-13.0	58.22
25	-95.0	10.0	-44.0	-14.0	9.0	-6.0	80.0	-6.0	61.75
26	-100.0	108.0	-36.0	9.0	40.0	-73.0	102.0	-92.0	78.75
27	-19.0	93.0	101.0	23.0	-1.0	12.0	61.0	57.0	41.97
28	20.0	-92.0	5.0	31.0	-12.0	-17.0	35.0	58.0	41.97
29	-120.0	-77.0	-17.0	-25.0	-10.0	-9.0	106.0	23.0	41.16
30	-102.0	-32.0	21.0	-36.0	31.0	11.0	75.0	-40.0	41.13
31	55.0	-26.0	48.0	-1.0	21.0	25.0	55.0	101.0	43.77
32	-117.0	-128.0	-5.0	-8.0	46.0	-39.0	16.0	16.0	63.1
33	-128.0	6.0	39.0	-1.0	9.0	0.0	120.0	-21.0	47.19
34	10.0	68.0	31.0	-8.0	14.0	2.0	5.0	-46.0	58.22
35	-74.0	23.0	16.0	17.0	-1.0	8.0	-29.0	-83.0	67.25
36	121.0	127.0	-70.0	-82.0	-61.0	127.0	57.0	75.0	58.87
37	92.0	34.0	28.0	21.0	5.0	28.0	-100.0	-13.0	76.52
38	-55.0	26.0	81.0	-3.0	2.0	-97.0	127.0	18.0	101.67
39	93.0	34.0	-34.0	-3.0	-38.0	-7.0	7.0	82.0	98.57
40	0.0	105.0	-53.0	-1.0	3.0	-62.0	-128.0	-1.0	99.04
41	127.0	116.0	81.0	20.0	-18.0	-14.0	91.0	20.0	99.42
42	-32.0	-115.0	-11.0	-1.0	-1.0	20.0	36.0	1.0	99.2
43	-87.0	99.0	-105.0	18.0	3.0	5.0	25.0	15.0	100.03
44	87.0	-23.0	-75.0	22.0	-28.0	9.0	7.0	-24.0	103.54
45	69.0	-55.0	31.0	-36.0	-25.0	-60.0	16.0	2.0	104.99
46	64.0	5.0	-29.0	92.0	46.0	-28.0	-24.0	-65.0	105.89
47	110.0	127.0	-7.0	-9.0	-27.0	-3.0	-55.0	89.0	124.49
48	-38.0	-91.0	16.0	127.0	7.0	-49.0	-47.0	-7.0	142.56
49	106.0	-27.0	88.0	-29.0	25.0	40.0	-77.0	-76.0	136.9
50	127.0	31.0	87.0	40.0	-60.0	-7.0	61.0	70.0	131.78
51	-121.0	15.0	-29.0	-30.0	-27.0	-81.0	-90.0	50.0	120.78
52	-50.0	-120.0	33.0	25.0	18.0	-25.0	-43.0	-16.0	129.74
53	53.0	-32.0	19.0	23.0	-34.0	-5.0	64.0	4.0	108.63
54	92.0	11.0	127.0	-26.0	11.0	22.0	-67.0	14.0	140.17
55	22.0	127.0	-128.0	-9.0	-50.0	29.0	-128.0	5.0	118.25
56	-9.0	110.0	13.0	87.0	-4.0	-31.0	2.0	17.0	115.43
57	127.0	-94.0	-75.0	44.0	78.0	113.0	-3.0	-35.0	111.97
58	35.0	20.0	70.0	7.0	-3.0	51.0	97.0	42.0	113.24
59	-66.0	-50.0	11.0	24.0	-15.0	1.0	100.0	92.0	108.63
60	54.0	-18.0	-30.0	-10.0	12.0	43.0	65.0	-4.0	120.97
61	27.0	91.0	-19.0	-39.0	11.0	-4.0	-85.0	-78.0	108.01
62	15.0	-85.0	-127.0	-128.0	-43.0	-25.0	19.0	24.0	105.89
63	-80.0	-96.0	35.0	-2.0	19.0	33.0	80.0	-7.0	118.25
64	48.0	102.0	-24.0	36.0	15.0	3.0	55.0	7.0	115.88
65	-35.0	127.0	22.0	38.0	-69.0	-12.0	-63.0	-64.0	141.48
66	-7.0	-77.0	-21.0	29.0	-31.0	-8.0	79.0	-48.0	142.89
67	-16.0	-39.0	18.0	-39.0	6.0	11.0	65.0	54.0	143.12
68	61.0	-128.0	25.0	-11.0	12.0	-13.0	44.0	-12.0	143.12
69	85.0	118.0	127.0	-84.0	-6.0	17.0	37.0	23.0	143.3
70	102.0	96.0	-96.0	11.0	8.0	-32.0	-113.0	-46.0	142.89
71	90.0	42.0	11.0	-30.0	3.0	10.0	-25.0	-27.0	124.49
72	8.0	127.0	70.0	5.0	-17.0	-29.0	-86.0	44.0	138.66
73	-104.0	79.0	75.0	78.0	6.0	-51.0	-7.0	75.0	140.17
74	69.0	87.0	1.0	123.0	-30.0	4.0	-90.0	21.0	129.33
75	73.0	26.0	5.0	9.0	-15.0	20.0	-101.0	8.0	136.9
76	-84.0	-84.0	54.0	-22.0	9.0	-26.0	58.0	-29.0	141.67
77	52.0	-128.0	50.0	-8.0	-41.0	5.0	18.0	22.0	138.66
78	127.0	20.0	-80.0	77.0	-5.0	-50.0	82.0	11.0	129.33
79	-29.0	-128.0	-85.0	49.0	21.0	3.0	-14.0	-46.0	135.7
80	-61.0	115.0	-128.0	20.0	3.0	107.0	105.0	-2.0	135.62
81	-90.0	43.0	22.0	-11.0	15.0	-27.0	-28.0	9.0	138.49
82	-128.0	-1.0	2.0	14.0	32.0	4.0	-66.0	17.0	115.43
83	-11.0	-10.0	-7.0	-14.0	-8.0	5.0	-3.0	70.0	124.76
84	79.0	-119.0	59.0	3.0	-5.0	-14.0	4.0	-10.0	134.54
