0	105.0	50.0	-15.0	-10.0	29.0	29.0	81.0	18.0	101.4
1	102.0	127.0	32.0	-38.0	-101.0	13.0	40.0	-4.0	94.04
2	-47.0	115.0	-83.0	-95.0	7.0	-8.0	-42.0	11.0	97.27
3	127.0	-115.0	6.0	-30.0	-22.0	10.0	-40.0	-47.0	99.52
4	-54.0	-91.0	-8.0	-21.0	-15.0	-6.0	17.0	-16.0	99.58
5	-45.0	-86.0	-8.0	-76.0	-6.0	-19.0	12.0	10.0	109.21
6	35.0	127.0	127.0	14.0	48.0	26.0	-43.0	-42.0	99.58
7	-30.0	-43.0	6.0	-2.0	-4.0	17.0	13.0	-15.0	99.33
8	76.0	92.0	-14.0	-10.0	5.0	31.0	40.0	-2.0	113.64
9	-91.0	-28.0	65.0	-22.0	-16.0	-13.0	-78.0	-13.0	118.65
10	116.0	-42.0	0.0	4.0	-11.0	-10.0	-82.0	9.0	118.65
11	-110.0	-7.0	-18.0	-5.0	3.0	-13.0	-66.0	-105.0	117.26
12	63.0	27.0	47.0	-29.0	-6.0	16.0	-57.0	14.0	113.64
13	40.0	127.0	44.0	-14.0	-3.0	5.0	75.0	50.0	100.48
14	-51.0	-44.0	30.0	-84.0	-12.0	40.0	85.0	-10.0	93.18
15	-90.0	19.0	-59.0	1.0	-16.0	1.0	-78.0	-12.0	94.04
16	25.0	4.0	-5.0	-29.0	-8.0	0.0	-118.0	33.0	71.81
17	117.0	45.0	-12.0	23.0	24.0	-53.0	-1.0	6.0	69.95
18	26.0	0.0	10.0	20.0	-29.0	31.0	28.0	-15.0	68.28
19	10.0	62.0	12.0	-10.0	31.0	-57.0	-8.0	-12.0	65.42
20	-98.0	-87.0	-128.0	-10.0	-43.0	-5.0	58.0	101.0	50.15
21	85.0	-76.0	0.0	31.0	-23.0	-1.0	-2.0	-64.0	68.28
22	-59.0	127.0	15.0	8.0	-24.0	17.0	-14.0	7.0	65.27
23	29.0	17.0	-56.0	-4.0	8.0	52.0	-82.0	-87.0	41.77
24	-58.0	-128.0	-99.0	-6.0	-6.0	25.0	114.0	40.0	43.38
25	48.0	127.0	33.0	-20.0	9.0	57.0	4.0	27.0	64.49
26	30.0	34.0	26.0	-23.0	43.0	-30.0	-31.0	-16.0	42.41
27	-128.0	10.0	-3.0	76.0	-10.0	7.0	-83.0	7.0	44.86
28	-110.0	-37.0	-128.0	13.0	-18.0	-5.0	-20.0	-80.0	41.76
29	-20.0	2.0	-20.0	-33.0	38.0	30.0	-21.0	-21.0	41.77
30	98.0	5.0	84.0	20.0	13.0	0.0	58.0	7.0	44.86
31	-76.0	-128.0	-24.0	-15.0	25.0	14.0	48.0	29.0	65.27
32	15.0	56.0	6.0	33.0	-4.0	-20.0	100.0	16.0	92.83
33	-92.0	-27.0	3.0	-6.0	-9.0	25.0	-21.0	74.0	69.31
34	96.0	59.0	-80.0	0.0	24.0	-46.0	-73.0	-7.0	82.01
35	9.0	-89.0	-88.0	-29.0	44.0	32.0	49.0	-6.0	50.15
36	102.0	-36.0	84.0	50.0	-5.0	12.0	-77.0	-35.0	71.81
37	-104.0	115.0	-68.0	-20.0	-27.0	-128.0	101.0	-15.0	93.0
38	107.0	-100.0	13.0	-14.0	-13.0	46.0	33.0	4.0	93.18
39	124.0	64.0	14.0	-5.0	0.0	-26.0	3.0	85.0	100.48
40	8.0	-2.0	19.0	-5.0	4.0	-9.0	-7.0	-45.0	98.76
41	85.0	-56.0	-10.0	31.0	2.0	-12.0	127.0	8.0	98.87
42	-30.0	55.0	3.0	-74.0	-24.0	-68.0	-71.0	23.0	115.0
43	90.0	-78.0	-52.0	-44.0	-11.0	66.0	-120.0	2.0	105.35
44	41.0	91.0	48.0	45.0	18.0	-44.0	-118.0	27.0	99.33
45	-98.0	-41.0	110.0	-57.0	-15.0	-5.0	-19.0	29.0	108.23
46	100.0	-128.0	-111.0	24.0	0.0	20.0	127.0	-9.0	111.2
47	127.0	105.0	40.0	-33.0	-4.0	15.0	46.0	-9.0	120.42
48	-5.0	127.0	-27.0	-42.0	38.0	22.0	-2.0	23.0	122.68
49	-87.0	80.0	-7.0	7.0	-6.0	-13.0	66.0	-19.0	125.49
50	123.0	68.0	92.0	2.0	-11.0	-78.0	-61.0	8.0	133.54
51	-74.0	42.0	44.0	16.0	-7.0	-6.0	-76.0	80.0	135.6
52	-128.0	126.0	-18.0	-6.0	-5.0	-6.0	-65.0	-18.0	132.68
53	-73.0	21.0	25.0	26.0	8.0	8.0	-53.0	7.0	141.82
54	107.0	39.0	81.0	-22.0	14.0	29.0	-125.0	32.0	133.54
55	127.0	8.0	-11.0	11.0	-16.0	19.0	103.0	-59.0	132.68
56	-96.0	60.0	-103.0	-6.0	11.0	32.0	-45.0	-4.0	143.88
57	21.0	-47.0	49.0	-31.0	-9.0	-5.0	77.0	-7.0	137.57
58	127.0	-99.0	116.0	-31.0	8.0	7.0	26.0	127.0	145.82
59	3.0	20.0	-33.0	10.0	5.0	-1.0	-88.0	7.0	140.99
60	-13.0	31.0	-95.0	-6.0	8.0	8.0	69.0	0.0	137.76
61	126.0	102.0	-88.0	-7.0	8.0	-47.0	-10.0	27.0	140.99
62	-73.0	87.0	-5.0	24.0	3.0	3.0	91.0	-1.0	146.31
63	-15.0	-31.0	-25.0	31.0	14.0	48.0	-80.0	-36.0	139.62
64	-12.0	-8.0	37.0	2.0	-11.0	-55.0	21.0	-25.0	129.58
65	-9.0	-128.0	-8.0	11.0	-6.0	127.0	51.0	-52.0	143.88
66	127.0	-114.0	-15.0	82.0	-49.0	-3.0	-88.0	-9.0	143.92
67	30.0	97.0	-52.0	-14.0	6.0	3.0	15.0	-1.0	146.21
68	-78.0	-46.0	-36.0	34.0	7.0	26.0	-43.0	18.0	145.82
69	48.0	-21.0	18.0	-28.0	-16.0	-57.0	87.0	-25.0	137.76
70	-29.0	-120.0	-25.0	-69.0	7.0	80.0	86.0	25.0	145.33
71	23.0	84.0	-128.0	-64.0	23.0	-39.0	-89.0	73.0	146.41
72	52.0	8.0	95.0	41.0	12.0	43.0	32.0	-36.0	146.41
73	98.0	3.0	-54.0	91.0	5.0	15.0	66.0	64.0	131.58
74	84.0	6.0	-3.0	-128.0	3.0	-41.0	-3.0	38.0	128.52
75	-28.0	43.0	-46.0	-106.0	-10.0	5.0	69.0	-80.0	127.34
76	-71.0	-91.0	34.0	8.0	39.0	-1.0	-118.0	-37.0	126.98
77	6.0	-94.0	-112.0	93.0	-8.0	43.0	-11.0	78.0	123.87
78	9.0	108.0	-2.0	-18.0	21.0	-8.0	5.0	127.0	126.12
79	-96.0	-36.0	12.0	-128.0	-12.0	-1.0	-128.0	-19.0	123.87
80	81.0	-89.0	-26.0	-13.0	26.0	57.0	-48.0	-52.0	116.67
81	127.0	-33.0	48.0	-6.0	33.0	11.0	15.0	-7.0	117.26
82	-15.0	127.0	0.0	-57.0	-15.0	-47.0	2.0	5.0	103.59
83	107.0	80.0	-71.0	-1.0	3.0	-7.0	-4.0	-72.0	109.21
