0	-45.0	-14.0	26.0	-38.0	0.0	8.0	-5.0	-33.0	121.21
1	-99.0	-42.0	29.0	12.0	15.0	-10.0	-12.0	28.0	122.59
2	45.0	127.0	-89.0	12.0	10.0	19.0	-1.0	-11.0	132.88
3	-119.0	-122.0	4.0	47.0	-22.0	6.0	2.0	33.0	121.21
4	-81.0	26.0	35.0	127.0	18.0	-5.0	-3.0	-67.0	100.98
5	-128.0	10.0	37.0	17.0	-4.0	-8.0	0.0	-1.0	108.14
6	-128.0	43.0	-35.0	4.0	-6.0	-4.0	-3.0	-31.0	99.55
7	51.0	44.0	52.0	-19.0	-2.0	8.0	-1.0	-34.0	102.33
8	30.0	56.0	-37.0	45.0	-6.0	-15.0	9.0	-6.0	125.29
9	-70.0	-16.0	126.0	-14.0	-15.0	-11.0	7.0	17.0	115.83
10	71.0	33.0	127.0	-11.0	-32.0	5.0	2.0	-28.0	131.39
11	84.0	127.0	-101.0	37.0	35.0	-3.0	4.0	31.0	132.06
12	110.0	127.0	55.0	-105.0	2.0	0.0	-6.0	-18.0	109.18
13	-23.0	3.0	55.0	0.0	1.0	3.0	-6.0	8.0	131.35
14	118.0	-105.0	-101.0	-45.0	15.0	-11.0	-17.0	-45.0	106.48
15	-52.0	14.0	-101.0	15.0	-9.0	0.0	-3.0	9.0	102.58
16	87.0	-69.0	-103.0	51.0	25.0	10.0	6.0	28.0	104.87
17	127.0	-83.0	-128.0	-16.0	-9.0	10.0	-19.0	33.0	130.97
18	-92.0	-128.0	-44.0	-3.0	7.0	-17.0	4.0	26.0	132.06
19	-69.0	-81.0	51.0	43.0	-4.0	2.0	-21.0	11.0	132.98
20	64.0	59.0	1.0	85.0	-12.0	2.0	3.0	-39.0	131.82
21	127.0	37.0	88.0	-28.0	-5.0	12.0	7.0	-48.0	117.39
22	-1.0	46.0	-101.0	-21.0	-3.0	11.0	1.0	-31.0	122.02
23	-74.0	115.0	-82.0	1.0	-15.0	6.0	-3.0	-17.0	112.29
24	82.0	-24.0	-16.0	30.0	-2.0	4.0	-13.0	-5.0	118.62
25	113.0	4.0	23.0	-23.0	1.0	-7.0	14.0	40.0	109.59
26	-54.0	-39.0	-113.0	-44.0	5.0	3.0	-17.0	-106.0	130.1
27	-28.0	19.0	-15.0	-7.0	-17.0	6.0	5.0	-6.0	129.34
28	-3.0	127.0	12.0	72.0	12.0	3.0	0.0	-42.0	109.18
29	-128.0	127.0	-60.0	43.0	14.0	10.0	-5.0	22.0	131.97
30	-45.0	-72.0	5.0	-8.0	10.0	0.0	11.0	9.0	131.98
31	-23.0	-67.0	-4.0	26.0	6.0	9.0	-10.0	-8.0	128.65
32	42.0	-128.0	52.0	30.0	-2.0	-11.0	5.0	53.0	130.97
33	-51.0	4.0	11.0	-38.0	-3.0	-22.0	-3.0	43.0	118.62
34	116.0	34.0	-68.0	-122.0	-30.0	6.0	4.0	-20.0	120.05
35	54.0	-24.0	107.0	37.0	-6.0	-10.0	-12.0	-16.0	124.26
36	-44.0	-46.0	28.0	-10.0	2.0	4.0	2.0	37.0	102.33
37	-128.0	108.0	-108.0	-60.0	-24.0	28.0	-17.0	43.0	112.29
38	-63.0	-22.0	-4.0	-14.0	5.0	7.0	-22.0	5.0	126.01
39	-4.0	-82.0	-6.0	20.0	-11.0	-2.0	-9.0	-6.0	131.82
40	127.0	29.0	45.0	34.0	-9.0	-37.0	-18.0	12.0	131.98
41	84.0	-128.0	-128.0	33.0	-15.0	26.0	-7.0	11.0	124.26
42	-105.0	-20.0	47.0	-11.0	-1.0	-9.0	-1.0	23.0	130.1
43	-128.0	-62.0	112.0	-7.0	5.0	-9.0	9.0	-56.0	108.97
44	-114.0	-93.0	23.0	-24.0	-19.0	-2.0	-6.0	-3.0	102.05
45	62.0	-128.0	-123.0	20.0	-3.0	0.0	-6.0	-32.0	100.55
46	-50.0	-94.0	-11.0	-37.0	-42.0	-9.0	14.0	-87.0	104.87
47	41.0	-50.0	78.0	-10.0	-4.0	4.0	-4.0	40.0	98.55
48	-40.0	127.0	89.0	-128.0	-7.0	28.0	-2.0	-10.0	101.1
49	95.0	122.0	-22.0	20.0	6.0	-1.0	13.0	27.0	108.97
50	-99.0	-46.0	-37.0	21.0	31.0	-10.0	-9.0	29.0	95.72
51	43.0	70.0	-67.0	19.0	-14.0	-17.0	-9.0	32.0	98.99
52	46.0	127.0	1.0	-42.0	2.0	-2.0	-7.0	-10.0	100.55
53	97.0	127.0	6.0	-5.0	1.0	-23.0	19.0	-10.0	84.64
54	127.0	-39.0	-26.0	56.0	-4.0	20.0	8.0	29.0	95.72
55	127.0	20.0	40.0	-24.0	3.0	-23.0	-3.0	-11.0	82.22
56	16.0	-82.0	1.0	10.0	-4.0	0.0	-14.0	14.0	83.23
57	85.0	-128.0	-37.0	42.0	2.0	-5.0	-5.0	9.0	68.89
58	36.0	82.0	18.0	78.0	4.0	0.0	-18.0	0.0	68.44
59	-43.0	-128.0	34.0	6.0	0.0	-10.0	1.0	-25.0	74.33
60	41.0	33.0	43.0	-13.0	2.0	-10.0	-13.0	10.0	66.91
61	-13.0	-128.0	-113.0	14.0	-7.0	-6.0	-1.0	-32.0	65.83
62	-81.0	13.0	-60.0	-19.0	-2.0	-6.0	-4.0	46.0	68.89
63	127.0	51.0	100.0	-36.0	27.0	-2.0	4.0	73.0	66.03
64	-36.0	-104.0	-62.0	8.0	-7.0	-1.0	-1.0	-39.0	65.59
65	-128.0	-72.0	76.0	66.0	26.0	4.0	3.0	9.0	65.77
66	-105.0	-5.0	106.0	4.0	-9.0	3.0	17.0	-6.0	66.47
67	30.0	87.0	110.0	23.0	5.0	-7.0	-4.0	-16.0	67.48
68	102.0	-82.0	24.0	127.0	-11.0	23.0	15.0	31.0	75.38
69	-89.0	-128.0	-55.0	72.0	9.0	-5.0	-6.0	-4.0	66.47
70	-128.0	-43.0	11.0	-96.0	8.0	-2.0	9.0	15.0	68.44
71	-36.0	-98.0	111.0	-72.0	-2.0	-22.0	-7.0	28.0	65.83
72	-74.0	42.0	-11.0	24.0	9.0	-40.0	0.0	7.0	61.87
73	10.0	-83.0	-24.0	-34.0	-36.0	-4.0	13.0	28.0	74.33
74	-17.0	-42.0	-50.0	114.0	13.0	-14.0	11.0	-33.0	65.59
75	-110.0	93.0	23.0	34.0	19.0	25.0	10.0	5.0	57.21
76	80.0	56.0	79.0	61.0	4.0	-22.0	-13.0	14.0	64.08
77	99.0	-50.0	-113.0	-34.0	-34.0	-8.0	-7.0	72.0	65.45
78	-115.0	-58.0	78.0	-122.0	4.0	-32.0	-2.0	0.0	64.08
79	29.0	-100.0	72.0	-51.0	0.0	-6.0	-5.0	-19.0	82.6
80	-46.0	-15.0	14.0	33.0	-9.0	-14.0	5.0	-14.0	76.4
81	-44.0	-86.0	54.0	28.0	4.0	-3.0	31.0	55.0	82.22
82	25.0	127.0	-5.0	-43.0	6.0	10.0	-4.0	-9.0	101.85
83	-78.0	78.0	84.0	-11.0	-6.0	-26.0	9.0	18.0	101.85
