0	87.0	-41.0	-43.0	80.0	-12.0	7.0	1.0	-22.0	84.5
1	-74.0	32.0	-19.0	-3.0	8.0	-9.0	13.0	-34.0	78.57
2	17.0	-44.0	-18.0	-18.0	-1.0	1.0	37.0	-7.0	86.97
3	-27.0	18.0	29.0	-74.0	5.0	4.0	21.0	66.0	76.13
4	87.0	-8.0	-27.0	22.0	7.0	0.0	-11.0	2.0	80.72
5	-37.0	-52.0	-20.0	83.0	-5.0	6.0	27.0	15.0	63.17
6	107.0	-66.0	127.0	-10.0	6.0	-1.0	-2.0	3.0	52.28
7	33.0	-20.0	17.0	-28.0	-2.0	8.0	-36.0	-4.0	54.84
8	25.0	47.0	-113.0	20.0	-30.0	-12.0	-23.0	-80.0	45.77
9	65.0	76.0	-128.0	-11.0	-14.0	-20.0	-22.0	-84.0	44.02
10	43.0	54.0	-3.0	-22.0	-5.0	16.0	1.0	-128.0	50.8
11	-116.0	-128.0	-29.0	-73.0	0.0	-22.0	29.0	-23.0	36.34
12	-115.0	75.0	-11.0	12.0	9.0	15.0	-17.0	48.0	28.53
13	25.0	121.0	4.0	-8.0	-5.0	-3.0	21.0	69.0	30.37
14	-44.0	-19.0	-14.0	2.0	-15.0	-18.0	0.0	44.0	30.53
15	107.0	-18.0	-66.0	-22.0	11.0	2.0	-16.0	-39.0	30.53
16	-64.0	127.0	-108.0	-8.0	-18.0	5.0	-1.0	-22.0	28.76
17	-30.0	-109.0	45.0	50.0	-10.0	9.0	17.0	-24.0	28.53
18	127.0	-21.0	-91.0	73.0	18.0	-17.0	-23.0	12.0	28.33
19	-112.0	-54.0	1.0	-18.0	3.0	-23.0	9.0	-114.0	28.76
20	25.0	14.0	29.0	-4.0	1.0	27.0	-15.0	57.0	39.65
21	-85.0	-43.0	-38.0	-49.0	20.0	8.0	26.0	-32.0	48.07
22	127.0	-128.0	1.0	-25.0	-5.0	1.0	5.0	32.0	40.97
23	-122.0	-20.0	-57.0	-15.0	-5.0	11.0	-24.0	-19.0	36.8
24	30.0	64.0	-4.0	-38.0	1.0	-24.0	23.0	38.0	38.21
25	-74.0	-69.0	-41.0	-69.0	-17.0	10.0	-1.0	106.0	44.36
26	-128.0	-35.0	13.0	1.0	-14.0	-16.0	-74.0	-51.0	36.8
27	43.0	119.0	-111.0	64.0	0.0	-60.0	-10.0	42.0	41.58
28	12.0	-43.0	-82.0	-71.0	36.0	7.0	-45.0	-33.0	32.85
29	127.0	96.0	-39.0	-6.0	-22.0	7.0	57.0	113.0	45.77
30	-105.0	-36.0	-116.0	-12.0	-2.0	-31.0	-5.0	-4.0	59.73
31	-22.0	68.0	8.0	88.0	-17.0	3.0	-5.0	4.0	58.6
32	-37.0	33.0	-2.0	114.0	-22.0	7.0	-24.0	33.0	48.07
33	119.0	-128.0	107.0	-83.0	18.0	13.0	18.0	-38.0	59.73
34	127.0	82.0	-116.0	-18.0	1.0	-6.0	0.0	1.0	76.13
35	6.0	-103.0	-7.0	-87.0	-22.0	13.0	-11.0	-9.0	60.41
36	9.0	-50.0	-107.0	-18.0	-12.0	6.0	6.0	38.0	80.72
37	-44.0	34.0	-81.0	-8.0	-13.0	31.0	-13.0	-39.0	68.5
38	-78.0	16.0	86.0	-20.0	11.0	-2.0	7.0	3.0	60.41
39	-72.0	-96.0	-24.0	13.0	-11.0	-10.0	-34.0	-4.0	71.47
40	4.0	78.0	-67.0	-63.0	-16.0	8.0	-9.0	21.0	71.47
41	-72.0	112.0	-37.0	6.0	-11.0	-2.0	-6.0	-6.0	51.71
42	127.0	-108.0	-97.0	-47.0	16.0	-30.0	59.0	-20.0	41.58
43	2.0	-66.0	2.0	61.0	3.0	8.0	14.0	127.0	52.28
44	-110.0	127.0	55.0	5.0	-1.0	-12.0	-59.0	12.0	40.97
45	41.0	127.0	1.0	-25.0	11.0	0.0	-50.0	-2.0	52.39
46	121.0	-79.0	38.0	11.0	9.0	-38.0	73.0	-39.0	52.39
47	-128.0	-109.0	-15.0	-31.0	-27.0	23.0	35.0	31.0	68.09
48	-120.0	-3.0	19.0	8.0	-14.0	-4.0	-15.0	-57.0	80.72
49	89.0	-10.0	38.0	-107.0	-8.0	10.0	22.0	-11.0	80.72
50	35.0	16.0	-57.0	1.0	-15.0	25.0	-12.0	-14.0	74.18
51	67.0	-55.0	-15.0	-71.0	-18.0	11.0	-72.0	-52.0	89.34
52	-48.0	-59.0	-7.0	52.0	-5.0	-8.0	-4.0	-4.0	91.66
53	63.0	-77.0	81.0	-79.0	3.0	1.0	0.0	6.0	95.37
54	-128.0	-33.0	-50.0	-20.0	8.0	10.0	-3.0	8.0	93.16
55	126.0	-77.0	-124.0	-1.0	-2.0	-5.0	63.0	-46.0	98.28
56	127.0	92.0	-26.0	-13.0	10.0	2.0	16.0	-26.0	112.01
57	101.0	-14.0	-26.0	75.0	2.0	2.0	-46.0	-3.0	113.28
58	-77.0	-12.0	126.0	-24.0	13.0	4.0	17.0	-1.0	126.49
59	9.0	-120.0	-4.0	11.0	-18.0	-19.0	13.0	-13.0	128.91
60	-87.0	36.0	-31.0	16.0	-35.0	-30.0	-10.0	-39.0	114.58
61	42.0	-21.0	1.0	-66.0	20.0	0.0	-1.0	-6.0	108.63
62	1.0	-33.0	119.0	-3.0	35.0	-22.0	-27.0	-5.0	101.25
63	2.0	0.0	40.0	-98.0	-4.0	-20.0	-7.0	62.0	97.45
64	-54.0	-19.0	-62.0	0.0	4.0	37.0	-26.0	65.0	113.28
65	1.0	95.0	-38.0	-57.0	3.0	2.0	22.0	-80.0	114.58
66	127.0	117.0	-117.0	-19.0	-1.0	6.0	17.0	-33.0	119.77
67	18.0	2.0	-9.0	11.0	9.0	-21.0	37.0	78.0	109.23
68	-80.0	-99.0	-70.0	47.0	-32.0	-32.0	-4.0	64.0	104.65
69	-118.0	13.0	77.0	0.0	5.0	4.0	-5.0	-128.0	97.45
70	18.0	38.0	-95.0	-29.0	4.0	17.0	67.0	20.0	90.99
71	27.0	-71.0	88.0	2.0	23.0	-3.0	54.0	-6.0	95.37
72	18.0	-18.0	-44.0	-66.0	1.0	-15.0	7.0	-56.0	107.26
73	-115.0	36.0	-19.0	103.0	3.0	-17.0	-36.0	-47.0	109.23
74	88.0	-26.0	9.0	-8.0	-30.0	2.0	-39.0	102.0	119.77
75	35.0	-69.0	0.0	41.0	1.0	-16.0	27.0	-80.0	123.97
76	127.0	36.0	38.0	-93.0	-20.0	28.0	67.0	-118.0	123.97
77	-49.0	1.0	-44.0	8.0	8.0	-11.0	-7.0	47.0	129.31
78	-24.0	127.0	-32.0	0.0	8.0	8.0	4.0	18.0	130.14
79	35.0	21.0	104.0	70.0	-9.0	-2.0	51.0	28.0	128.91
80	25.0	88.0	-2.0	-41.0	-5.0	7.0	-19.0	-84.0	121.42
81	-9.0	23.0	17.0	-15.0	0.0	-2.0	-39.0	10.0	118.16
82	127.0	-68.0	-30.0	-57.0	3.0	1.0	21.0	-56.0	101.25
83	108.0	-128.0	22.0	0.0	-11.0	-15.0	7.0	49.0	103.65
84	-78.0	-107.0	-97.0	-88.0	32.0	28.0	-17.0	3.0	90.99
85	-116.0	-14.0	73.0	1.0	-2.0	11.0	-4.0	42.0	89.34
86	84.0	1.0	-13.0	0.0	1.0	-5.0	52.0	-62.0	88.62
