0	-5.0	-106.0	-24.0	-43.0	25.0	1.0	8.0	-23.0	42.72
1	-64.0	8.0	-89.0	-24.0	-12.0	14.0	13.0	17.0	40.97
2	-52.0	12.0	12.0	-26.0	-5.0	1.0	-44.0	4.0	54.52
3	-47.0	-128.0	13.0	-11.0	10.0	3.0	-4.0	-47.0	50.43
4	-75.0	-96.0	25.0	-6.0	-5.0	7.0	-8.0	2.0	50.69
5	-34.0	53.0	5.0	63.0	10.0	-9.0	2.0	0.0	54.91
6	113.0	-106.0	124.0	-15.0	-3.0	6.0	2.0	-10.0	61.04
7	-80.0	28.0	-115.0	2.0	1.0	4.0	-6.0	23.0	65.1
8	-67.0	-48.0	5.0	-64.0	-18.0	1.0	71.0	-25.0	77.44
9	88.0	-126.0	2.0	-37.0	8.0	-9.0	-2.0	18.0	56.67
10	11.0	94.0	-91.0	8.0	-2.0	3.0	-26.0	-4.0	63.85
11	62.0	-25.0	44.0	-124.0	-7.0	2.0	4.0	-17.0	63.85
12	-22.0	60.0	-19.0	-5.0	3.0	-17.0	84.0	-80.0	57.38
13	49.0	-79.0	-49.0	-23.0	-7.0	21.0	-45.0	54.0	65.1
14	85.0	-65.0	118.0	-8.0	-3.0	-1.0	-8.0	-38.0	61.04
15	-95.0	-21.0	-6.0	49.0	-28.0	4.0	3.0	-66.0	63.52
16	-46.0	-12.0	-103.0	1.0	29.0	-7.0	14.0	-15.0	73.79
17	-3.0	-64.0	3.0	5.0	0.0	11.0	-28.0	20.0	80.25
18	-128.0	-108.0	15.0	10.0	-11.0	17.0	-1.0	1.0	85.0
19	107.0	-21.0	-15.0	-76.0	15.0	-16.0	3.0	9.0	101.91
20	-93.0	-79.0	13.0	-41.0	9.0	-8.0	1.0	-27.0	110.33
21	-46.0	-128.0	-30.0	-2.0	10.0	0.0	2.0	-2.0	111.16
22	127.0	57.0	-17.0	-24.0	-1.0	6.0	0.0	97.0	113.25
23	-115.0	75.0	69.0	18.0	1.0	-10.0	-5.0	5.0	115.32
24	30.0	-128.0	-8.0	120.0	-1.0	3.0	-19.0	30.0	113.51
25	40.0	6.0	-34.0	-69.0	20.0	23.0	-12.0	5.0	126.62
26	78.0	83.0	-59.0	-6.0	1.0	-3.0	-19.0	5.0	125.87
27	17.0	127.0	-25.0	20.0	14.0	5.0	52.0	-10.0	116.4
28	-108.0	-91.0	-25.0	16.0	-13.0	-10.0	2.0	-14.0	120.41
29	89.0	-128.0	-9.0	53.0	-2.0	20.0	-1.0	12.0	126.62
30	-5.0	80.0	-50.0	-17.0	-4.0	-8.0	-11.0	8.0	125.41
31	-21.0	-4.0	-47.0	-124.0	4.0	8.0	-5.0	-8.0	116.98
32	69.0	101.0	11.0	12.0	-12.0	-4.0	52.0	43.0	115.09
33	65.0	45.0	-12.0	-1.0	-1.0	11.0	0.0	-75.0	118.19
34	-105.0	49.0	-25.0	9.0	-7.0	-1.0	1.0	34.0	113.25
35	-41.0	51.0	-33.0	-3.0	-16.0	23.0	-12.0	51.0	122.56
36	-10.0	-111.0	-70.0	24.0	7.0	6.0	44.0	-2.0	110.33
37	-76.0	-92.0	-6.0	13.0	17.0	-19.0	-41.0	10.0	116.98
38	113.0	121.0	3.0	9.0	-3.0	26.0	-14.0	-42.0	125.41
39	-14.0	-111.0	-35.0	20.0	-4.0	1.0	17.0	0.0	115.32
40	22.0	18.0	40.0	-115.0	-16.0	-12.0	2.0	29.0	111.16
41	-128.0	-47.0	-70.0	-15.0	-28.0	-2.0	8.0	40.0	112.15
42	-109.0	29.0	-33.0	-43.0	10.0	-18.0	-31.0	18.0	107.32
43	-73.0	-58.0	-11.0	-105.0	2.0	-20.0	61.0	23.0	102.74
44	124.0	-28.0	-66.0	106.0	-17.0	12.0	-23.0	49.0	101.91
45	62.0	55.0	38.0	7.0	-6.0	2.0	-35.0	-3.0	96.04
46	-81.0	-73.0	-38.0	-48.0	7.0	-26.0	9.0	18.0	92.37
47	120.0	110.0	-60.0	-8.0	24.0	26.0	-9.0	11.0	92.37
48	97.0	95.0	40.0	-33.0	1.0	12.0	0.0	-77.0	102.74
49	58.0	-50.0	-63.0	-6.0	-6.0	-8.0	8.0	17.0	111.04
50	-100.0	49.0	13.0	78.0	9.0	14.0	-13.0	44.0	106.44
51	84.0	-108.0	-16.0	-32.0	-12.0	-6.0	38.0	-46.0	97.08
52	-128.0	43.0	-69.0	-14.0	-17.0	-17.0	5.0	-5.0	90.54
53	10.0	60.0	-47.0	42.0	8.0	-19.0	2.0	14.0	90.54
54	60.0	-69.0	-27.0	27.0	-15.0	-1.0	-7.0	32.0	87.5
55	-75.0	6.0	59.0	17.0	-2.0	4.0	-10.0	9.0	83.11
56	-106.0	127.0	-25.0	4.0	16.0	-1.0	4.0	-47.0	77.44
57	113.0	32.0	34.0	-60.0	5.0	5.0	2.0	51.0	75.54
58	127.0	-7.0	49.0	-5.0	-2.0	-3.0	9.0	-20.0	75.4
59	-66.0	25.0	4.0	-3.0	-17.0	-1.0	-3.0	24.0	66.9
60	35.0	25.0	-10.0	26.0	8.0	13.0	-2.0	-10.0	80.25
61	97.0	-65.0	-96.0	12.0	-17.0	30.0	42.0	-13.0	70.61
62	-35.0	43.0	-13.0	3.0	-12.0	-7.0	-2.0	58.0	72.51
63	9.0	-16.0	2.0	-33.0	-7.0	-28.0	-20.0	41.0	73.79
64	68.0	-52.0	-128.0	-12.0	-16.0	15.0	-11.0	-90.0	70.88
65	120.0	127.0	-72.0	-2.0	3.0	0.0	-6.0	-24.0	70.61
66	2.0	42.0	4.0	-27.0	3.0	-8.0	9.0	-45.0	56.67
67	87.0	21.0	67.0	28.0	-12.0	-12.0	14.0	-10.0	61.87
68	117.0	60.0	-36.0	1.0	-8.0	-6.0	-8.0	-43.0	55.11
69	77.0	-92.0	-7.0	8.0	29.0	24.0	-10.0	45.0	50.43
70	-80.0	-67.0	110.0	-15.0	2.0	-1.0	-18.0	-16.0	47.73
71	69.0	30.0	-128.0	65.0	-10.0	-4.0	2.0	-4.0	45.03
72	74.0	87.0	88.0	-13.0	22.0	-21.0	3.0	-41.0	45.03
73	23.0	-84.0	38.0	8.0	-10.0	-9.0	-42.0	52.0	45.02
74	127.0	36.0	-10.0	-62.0	-5.0	9.0	37.0	-4.0	40.97
75	-3.0	22.0	12.0	18.0	-2.0	-5.0	-1.0	-25.0	40.55
76	-55.0	-44.0	-3.0	-32.0	-1.0	-19.0	-10.0	28.0	38.73
77	127.0	-67.0	53.0	-76.0	-7.0	0.0	-20.0	5.0	36.83
78	-7.0	6.0	41.0	10.0	9.0	-23.0	11.0	-38.0	36.99
79	-128.0	127.0	8.0	5.0	20.0	-17.0	23.0	4.0	36.99
80	10.0	-97.0	-11.0	-3.0	-3.0	39.0	9.0	-12.0	37.9
81	127.0	-71.0	-70.0	-15.0	23.0	13.0	-11.0	-17.0	38.73
82	72.0	25.0	-41.0	-5.0	-12.0	18.0	14.0	26.0	39.55
83	-46.0	127.0	-31.0	-33.0	-22.0	18.0	7.0	14.0	41.53
84	71.0	51.0	-22.0	18.0	19.0	4.0	10.0	-23.0	42.72
