0	-50.0	-70.0	10.0	56.0	-4.0	4.0	3.0	18.0	112.46
1	31.0	-69.0	-85.0	1.0	3.0	13.0	-10.0	-24.0	136.67
2	127.0	-55.0	-43.0	9.0	2.0	-1.0	19.0	-49.0	127.01
3	-9.0	-75.0	27.0	61.0	-10.0	6.0	-12.0	-20.0	106.48
4	-76.0	83.0	68.0	-5.0	-6.0	11.0	7.0	26.0	87.93
5	-66.0	66.0	-28.0	22.0	26.0	-12.0	3.0	45.0	91.76
6	-77.0	-94.0	107.0	-1.0	-14.0	-35.0	-83.0	-13.0	99.57
7	-37.0	-15.0	-34.0	15.0	-33.0	-11.0	10.0	46.0	96.02
8	68.0	-128.0	6.0	28.0	-1.0	-1.0	-4.0	7.0	92.69
9	-96.0	6.0	18.0	3.0	-14.0	26.0	0.0	52.0	92.69
10	88.0	-34.0	-28.0	95.0	-22.0	-27.0	-3.0	25.0	76.71
11	89.0	-65.0	22.0	-39.0	4.0	3.0	-21.0	-66.0	62.95
12	-128.0	-66.0	-27.0	-40.0	4.0	-5.0	3.0	30.0	67.97
13	-27.0	-125.0	-89.0	2.0	13.0	11.0	-8.0	-13.0	51.44
14	-70.0	-128.0	-45.0	11.0	6.0	4.0	9.0	14.0	67.97
15	127.0	89.0	-40.0	65.0	9.0	-19.0	3.0	52.0	59.64
16	-40.0	60.0	-7.0	9.0	15.0	2.0	-11.0	107.0	48.25
17	35.0	68.0	127.0	-51.0	-9.0	23.0	22.0	-5.0	43.08
18	92.0	-61.0	-6.0	6.0	24.0	14.0	8.0	-53.0	43.13
19	74.0	18.0	100.0	-6.0	-2.0	-12.0	-112.0	-19.0	37.15
20	122.0	116.0	-127.0	-26.0	7.0	-7.0	-17.0	34.0	42.25
21	-128.0	-77.0	-6.0	-6.0	-7.0	-12.0	-16.0	31.0	43.13
22	-48.0	42.0	-86.0	66.0	-26.0	-11.0	23.0	31.0	42.25
23	-108.0	-20.0	54.0	-8.0	22.0	-16.0	-33.0	-1.0	42.85
24	12.0	-30.0	-49.0	-41.0	-16.0	12.0	-1.0	115.0	38.43
25	-107.0	-128.0	23.0	-3.0	-47.0	26.0	-13.0	-21.0	41.25
26	76.0	-57.0	-116.0	-46.0	12.0	-1.0	-5.0	38.0	41.36
27	-16.0	111.0	-21.0	6.0	-14.0	-6.0	127.0	-57.0	42.85
28	127.0	40.0	-113.0	-25.0	-3.0	2.0	65.0	26.0	48.02
29	-106.0	-104.0	39.0	7.0	5.0	8.0	8.0	-78.0	46.91
30	-92.0	-84.0	12.0	25.0	18.0	-37.0	-19.0	110.0	52.08
31	115.0	14.0	127.0	-44.0	12.0	-10.0	-8.0	-11.0	46.91
32	127.0	95.0	88.0	6.0	18.0	4.0	-7.0	18.0	48.02
33	122.0	-95.0	108.0	112.0	-5.0	-1.0	-10.0	-84.0	48.25
34	13.0	109.0	-80.0	10.0	0.0	34.0	88.0	41.0	61.85
35	-22.0	52.0	-104.0	-18.0	-42.0	4.0	-4.0	-52.0	54.69
36	127.0	127.0	-19.0	-24.0	18.0	9.0	1.0	27.0	58.4
37	-128.0	-106.0	22.0	-19.0	-14.0	-24.0	0.0	-8.0	52.08
38	127.0	49.0	11.0	16.0	-8.0	9.0	0.0	19.0	69.03
39	-46.0	-128.0	-51.0	-104.0	0.0	0.0	3.0	-25.0	76.09
40	-25.0	127.0	-98.0	-17.0	-4.0	10.0	-1.0	7.0	71.83
41	59.0	13.0	-20.0	-28.0	12.0	1.0	-25.0	27.0	47.81
42	127.0	119.0	-48.0	-18.0	0.0	-22.0	49.0	-2.0	68.71
43	127.0	55.0	48.0	34.0	-4.0	-11.0	18.0	17.0	58.4
44	-17.0	118.0	-66.0	9.0	28.0	9.0	-3.0	0.0	68.71
45	46.0	57.0	-67.0	-70.0	-8.0	3.0	-8.0	-13.0	82.06
46	-9.0	-53.0	17.0	-46.0	16.0	4.0	1.0	-50.0	76.09
47	-45.0	18.0	108.0	19.0	9.0	21.0	-121.0	-38.0	75.67
48	43.0	-74.0	-12.0	47.0	26.0	8.0	-11.0	49.0	87.45
49	-4.0	-16.0	-63.0	-1.0	-4.0	21.0	-1.0	-9.0	81.5
50	124.0	-41.0	126.0	-109.0	-20.0	-8.0	21.0	-22.0	84.87
51	-23.0	63.0	-54.0	-51.0	-16.0	-3.0	-5.0	-39.0	87.93
52	-2.0	120.0	12.0	5.0	12.0	7.0	-13.0	21.0	99.38
53	-101.0	24.0	-124.0	34.0	-11.0	-5.0	0.0	-6.0	111.6
54	-7.0	-106.0	-22.0	-90.0	-16.0	23.0	5.0	-51.0	118.05
55	43.0	-8.0	107.0	-11.0	-14.0	-9.0	-19.0	-8.0	129.24
56	75.0	67.0	-1.0	-44.0	11.0	-25.0	-43.0	-36.0	124.02
57	61.0	20.0	66.0	-4.0	4.0	-6.0	54.0	4.0	112.46
58	127.0	-19.0	-50.0	-22.0	-6.0	-51.0	0.0	31.0	128.08
59	28.0	-60.0	28.0	127.0	8.0	-2.0	28.0	50.0	127.18
60	-60.0	102.0	109.0	1.0	-2.0	7.0	2.0	38.0	129.24
61	98.0	127.0	65.0	-1.0	12.0	-6.0	91.0	29.0	131.36
62	-79.0	-47.0	26.0	14.0	-35.0	6.0	3.0	-13.0	137.78
63	-40.0	127.0	-90.0	-48.0	13.0	8.0	6.0	-13.0	138.75
64	-67.0	-67.0	-49.0	-46.0	0.0	21.0	2.0	-8.0	137.0
65	127.0	66.0	-2.0	74.0	-13.0	0.0	-7.0	-3.0	131.36
66	-76.0	-65.0	56.0	-65.0	-12.0	-16.0	-64.0	-19.0	127.82
67	-112.0	-116.0	-2.0	-63.0	-2.0	3.0	0.0	20.0	138.75
68	-61.0	74.0	-19.0	-74.0	4.0	3.0	2.0	-11.0	137.0
69	127.0	-65.0	-22.0	-46.0	13.0	-35.0	61.0	-22.0	121.23
70	-64.0	40.0	-9.0	-103.0	-7.0	-4.0	-26.0	82.0	124.94
71	94.0	-58.0	-94.0	-38.0	-19.0	-11.0	23.0	126.0	125.4
72	-23.0	-77.0	10.0	-8.0	0.0	6.0	2.0	18.0	96.02
73	-16.0	116.0	-58.0	52.0	-7.0	-7.0	4.0	19.0	84.87
74	80.0	-128.0	1.0	127.0	-3.0	-25.0	-2.0	-2.0	108.84
75	41.0	-116.0	74.0	-18.0	-17.0	-11.0	-62.0	-75.0	120.23
76	-128.0	104.0	29.0	-24.0	4.0	15.0	-1.0	15.0	124.94
77	94.0	-128.0	-4.0	18.0	7.0	-14.0	12.0	-54.0	106.48
78	46.0	68.0	103.0	-39.0	-25.0	56.0	-62.0	57.0	102.49
