0	-56.0	27.0	-18.0	27.0	2.0	37.0	7.0	4.0	97.97
1	-58.0	-128.0	80.0	-42.0	2.0	13.0	14.0	42.0	96.46
2	53.0	-53.0	-89.0	-6.0	6.0	-25.0	78.0	-21.0	111.55
3	55.0	97.0	43.0	5.0	-4.0	4.0	-11.0	-25.0	111.2
4	75.0	-11.0	10.0	62.0	-27.0	11.0	-1.0	-28.0	112.25
5	-102.0	-127.0	-68.0	2.0	1.0	-19.0	-24.0	-37.0	109.18
6	-59.0	-16.0	-114.0	6.0	-5.0	0.0	-27.0	-69.0	111.2
7	71.0	127.0	10.0	-94.0	18.0	-5.0	-5.0	4.0	87.32
8	8.0	-106.0	-13.0	-15.0	-19.0	19.0	-100.0	16.0	92.47
9	-118.0	4.0	-17.0	0.0	15.0	-16.0	-8.0	105.0	81.37
10	87.0	-70.0	-5.0	2.0	17.0	-7.0	5.0	-1.0	77.58
11	127.0	-25.0	56.0	-31.0	-6.0	0.0	-41.0	-82.0	77.08
12	-2.0	13.0	-56.0	-11.0	-19.0	15.0	-9.0	0.0	69.35
13	-128.0	-87.0	-41.0	53.0	-3.0	-1.0	-49.0	5.0	66.79
14	113.0	69.0	-48.0	-128.0	2.0	4.0	6.0	-19.0	59.51
15	36.0	-87.0	-2.0	-122.0	-25.0	-4.0	-4.0	58.0	66.68
16	-50.0	-84.0	70.0	46.0	32.0	3.0	-42.0	-24.0	65.01
17	-3.0	4.0	10.0	1.0	0.0	7.0	-2.0	-63.0	66.68
18	127.0	111.0	-25.0	54.0	-5.0	1.0	-33.0	-1.0	63.68
19	105.0	-113.0	-54.0	-50.0	-14.0	15.0	9.0	30.0	49.42
20	127.0	8.0	-3.0	-56.0	-18.0	-7.0	14.0	-10.0	55.41
21	16.0	-89.0	3.0	-24.0	12.0	-2.0	-1.0	6.0	37.96
22	-2.0	-112.0	-38.0	17.0	-18.0	-3.0	1.0	22.0	36.72
23	99.0	-15.0	25.0	-13.0	7.0	-14.0	67.0	-18.0	36.28
24	-63.0	20.0	11.0	-24.0	-4.0	12.0	-4.0	-4.0	36.16
25	47.0	-121.0	-53.0	27.0	9.0	7.0	-9.0	55.0	36.28
26	-110.0	-128.0	-40.0	13.0	5.0	-1.0	-7.0	-42.0	44.59
27	107.0	127.0	-24.0	73.0	-8.0	-10.0	-32.0	40.0	45.75
28	19.0	127.0	-17.0	-43.0	10.0	4.0	-30.0	11.0	47.32
29	-128.0	106.0	-13.0	-33.0	-21.0	-11.0	3.0	-50.0	51.23
30	-128.0	4.0	-128.0	-14.0	1.0	-5.0	-3.0	11.0	55.41
31	112.0	24.0	-76.0	33.0	-18.0	-11.0	3.0	-57.0	48.79
32	118.0	86.0	-81.0	-1.0	14.0	10.0	13.0	-12.0	45.75
33	-12.0	-89.0	127.0	-49.0	-5.0	1.0	17.0	43.0	47.32
34	40.0	-128.0	1.0	-44.0	-5.0	19.0	4.0	8.0	41.9
35	127.0	-89.0	25.0	-11.0	6.0	-43.0	-81.0	67.0	36.72
36	-74.0	0.0	-98.0	-40.0	-11.0	-8.0	13.0	-88.0	56.89
37	127.0	-55.0	49.0	-9.0	-38.0	-5.0	31.0	2.0	44.59
38	88.0	-34.0	-19.0	-80.0	1.0	-1.0	27.0	7.0	57.81
39	-122.0	3.0	25.0	-1.0	3.0	-1.0	13.0	2.0	40.88
40	-128.0	-6.0	-9.0	55.0	3.0	-7.0	13.0	-21.0	51.49
41	34.0	-45.0	2.0	100.0	2.0	-4.0	-9.0	-11.0	39.28
42	127.0	78.0	-51.0	11.0	8.0	11.0	-21.0	-69.0	57.81
43	-33.0	-114.0	21.0	-102.0	11.0	6.0	-5.0	-4.0	57.91
44	8.0	72.0	-85.0	12.0	-3.0	-49.0	-3.0	-44.0	63.68
45	55.0	-26.0	49.0	46.0	-3.0	4.0	-16.0	-1.0	66.79
46	108.0	-31.0	83.0	-71.0	-1.0	-14.0	64.0	81.0	70.95
47	-87.0	-36.0	33.0	-39.0	2.0	4.0	-4.0	-36.0	77.08
48	111.0	47.0	-52.0	11.0	-3.0	-9.0	5.0	-14.0	84.98
49	-80.0	81.0	-22.0	50.0	6.0	-11.0	6.0	-27.0	77.58
50	71.0	24.0	120.0	-14.0	28.0	-24.0	28.0	-12.0	111.24
51	92.0	118.0	39.0	-59.0	-9.0	-7.0	-5.0	11.0	90.45
52	40.0	-104.0	86.0	97.0	22.0	-5.0	114.0	25.0	80.46
53	-4.0	-56.0	-14.0	-10.0	-1.0	-7.0	16.0	49.0	96.46
54	126.0	127.0	-98.0	57.0	6.0	3.0	-27.0	26.0	97.97
55	-90.0	-70.0	-83.0	-30.0	-3.0	22.0	-1.0	-42.0	103.28
56	19.0	-56.0	-98.0	-25.0	8.0	-28.0	-2.0	1.0	114.86
57	12.0	-31.0	68.0	17.0	5.0	2.0	-6.0	22.0	113.62
58	-61.0	79.0	-4.0	-6.0	-41.0	-8.0	12.0	-26.0	115.96
59	-62.0	-30.0	61.0	-1.0	-4.0	28.0	-18.0	-35.0	123.66
60	11.0	25.0	79.0	32.0	-31.0	-3.0	38.0	9.0	120.16
61	-49.0	-38.0	-19.0	20.0	-2.0	-23.0	1.0	-32.0	127.42
62	-89.0	104.0	-128.0	65.0	6.0	6.0	-30.0	45.0	124.23
63	-2.0	41.0	7.0	-42.0	-12.0	-6.0	1.0	-20.0	120.16
64	-83.0	12.0	30.0	-44.0	20.0	13.0	-12.0	-15.0	128.49
65	-128.0	-83.0	105.0	-31.0	-2.0	-6.0	30.0	16.0	128.32
66	-83.0	14.0	-72.0	14.0	5.0	14.0	-1.0	34.0	132.0
67	27.0	45.0	18.0	10.0	-11.0	-31.0	-46.0	87.0	132.05
68	47.0	121.0	-53.0	3.0	24.0	5.0	11.0	9.0	132.0
69	-34.0	-35.0	-40.0	-58.0	-2.0	-5.0	-17.0	13.0	128.53
70	94.0	48.0	3.0	-8.0	6.0	-7.0	11.0	-41.0	130.85
71	-41.0	-18.0	3.0	-48.0	-2.0	1.0	-9.0	-8.0	128.89
72	-128.0	21.0	-38.0	125.0	-3.0	-12.0	-16.0	-12.0	128.53
73	-128.0	61.0	-71.0	-16.0	-10.0	-4.0	-28.0	1.0	128.49
74	-35.0	81.0	87.0	75.0	9.0	30.0	24.0	20.0	127.42
75	-93.0	-119.0	-107.0	13.0	-10.0	-6.0	2.0	42.0	126.19
76	-3.0	43.0	-35.0	15.0	-1.0	-21.0	-13.0	23.0	123.66
77	79.0	11.0	-12.0	-90.0	11.0	2.0	-10.0	44.0	114.86
78	10.0	-62.0	1.0	27.0	-30.0	9.0	27.0	8.0	113.44
79	-100.0	28.0	49.0	-2.0	-17.0	7.0	-2.0	-15.0	112.25
80	48.0	28.0	-9.0	-3.0	6.0	-8.0	8.0	53.0	113.44
81	-128.0	27.0	-36.0	-23.0	15.0	17.0	-1.0	-3.0	92.47
82	12.0	-21.0	-3.0	-16.0	-12.0	-13.0	-50.0	28.0	99.85
83	5.0	127.0	17.0	-36.0	-3.0	-18.0	-2.0	2.0	81.37
84	-29.0	-125.0	54.0	-2.0	-37.0	-1.0	45.0	15.0	76.14
85	102.0	-99.0	-128.0	-25.0	3.0	-31.0	22.0	-53.0	82.41
86	23.0	11.0	-23.0	79.0	-23.0	19.0	-22.0	-13.0	80.46
